# Fix print output for fix samp_out
0 2000 27.3368788051382 25.59350871 1000000
10 1999.97067422487 27.3364779675579 25.5931334352594 1000000
20 1999.77991174579 27.3338705421723 25.5906922946745 1000000
30 1999.26561734452 27.3268409403134 25.5841109955552 1000000
40 1998.24319552872 27.3128660296803 25.5710273147312 1000000
50 1996.47789340565 27.288737104584 25.5484371771 1000000
60 1993.63820370561 27.2499229779968 25.5120983655641 1000000
70 1989.24209312153 27.1898350068714 25.4558424183023 1000000
80 1982.66027711209 27.0998718535875 25.3716165356197 1000000
90 1973.29423359549 26.9718526553391 25.2517615774595 1000000
100 1960.9452514503 26.803061341204 25.0937346864132 1000000
110 2033.10983354817 27.7894385586205 26.0172071166508 1000000
120 2009.62552374908 27.4684446932205 25.7166841729552 1000000
130 1978.29823217346 27.0402495066725 25.3157965180545 1000000
140 1941.73748251914 26.54052111551 24.8479375856935 1000000
150 1903.4716204347 26.0174864984217 24.3582587484167 1000000
160 1867.19660680928 25.5216636728553 23.8940563098279 1000000
170 1836.15621753608 25.0973899930424 23.4968400732152 1000000
180 1812.87295371626 24.7791441124272 23.1988898655303 1000000
190 1799.23112758941 24.5926816386719 23.0243187676313 1000000
200 1796.7507203049 24.5587783420099 22.9925776049111 1000000
210 1806.85492502812 24.6968870519804 23.1218786307068 1000000
220 1830.93510928371 25.0260255912806 23.4300268334487 1000000
230 1869.97261024835 25.5596073076436 23.9295801439264 1000000
240 1923.49930641572 26.291233710627 24.6145481262149 1000000
250 1988.13727750534 27.1747339015705 25.4417043642544 1000000
260 2172.58155729044 29.6957993629637 27.8019925048492 1000000
270 2283.25008719355 31.2084654577156 29.2181904968481 1000000
280 2411.81204436341 32.9657067787675 30.8633662821489 1000000
290 2398.10720499312 32.7783830123129 30.6879888192526 1000000
300 2337.89457811587 31.9553703705716 29.9174626240351 1000000
310 2319.10637723639 31.6985649853671 29.677034632608 1000000
320 2192.2030567316 29.9639946390626 28.0530840132744 1000000
330 2078.44975060101 28.4091644673747 26.5974108976521 1000000
340 2029.18242117077 27.7357569605312 25.9669489852065 1000000
350 1977.26052353377 27.0260656490134 25.3025172155004 1000000
360 1941.44121466429 26.536471596289 24.8441463187317 1000000
370 1914.28240963519 26.1652531155025 24.496601762199 1000000
380 1892.68822258 25.8700942782909 24.2202662549578 1000000
390 1875.65979754967 25.6373422826427 24.0023576827921 1000000
400 1863.07239017283 25.465292067677 23.8412797226245 1000000
410 1855.13292685395 25.3567719944138 23.7396803608221 1000000
420 1852.13654380044 25.3158161142201 23.701336382933 1000000
430 1854.34783410284 25.3460410017199 23.7296337217403 1000000
440 1861.92891074525 25.449662488413 23.8266468972797 1000000
450 1874.87490944804 25.6266140871878 23.9923136625595 1000000
460 1892.9364618436 25.8734873216229 24.2234429118354 1000000
470 1915.52423316977 26.1822269052336 24.5124930729232 1000000
480 1941.60870618575 26.5387609440005 24.8462896665884 1000000
490 1969.64585397402 26.9219849995654 25.2050741596498 1000000
500 1997.56367727546 27.3035780756128 25.5623316865646 1000000
510 2100.59585939809 28.7118672134704 26.8808092118475 1000000
520 2116.88230140912 28.9344774591816 27.0892228095796 1000000
530 2115.7652459426 28.9192090542281 27.0749281251736 1000000
540 2092.84953606707 28.6059870624277 26.7816814150261 1000000
550 2045.12534261682 27.9536718162163 26.1709666346526 1000000
560 1973.94778069043 26.9807856242029 25.2601248590928 1000000
570 1921.52839508343 26.2642944285138 24.5893268580401 1000000
580 1943.43061922802 26.5636636520155 24.8696042402465 1000000
590 1859.06741438425 25.410550298802 23.7900290312603 1000000
600 1793.9742990047 24.5208289957122 22.9570484235465 1000000
610 1913.42891771805 26.1535872129525 24.4856798357914 1000000
620 1871.38153960855 25.5788651732259 23.9476098668523 1000000
630 1839.32870804363 25.1407529873 23.5374376549338 1000000
640 1783.99605513128 24.3844419739843 22.829359287804 1000000
650 1798.71424132881 24.5856166101408 23.0177043011249 1000000
660 1793.25187921906 24.5109546446489 22.9478037950084 1000000
670 1794.17031161769 24.5235081822349 22.9595567488054 1000000
680 1801.0058530502 24.6169393660889 23.0470294934007 1000000
690 1813.36988883536 24.7859364399896 23.2052490221798 1000000
700 1830.9159193229 25.0257632944642 23.4297812642342 1000000
710 1853.34894177383 25.3323877024511 23.7168511419789 1000000
720 1953.07577202202 26.6954978385089 24.9930308912678 1000000
730 2068.66731313671 28.2754538136845 26.4722274484283 1000000
740 2146.75252004821 29.3427567325914 27.4714646600341 1000000
750 2133.19797134998 29.1574872050805 27.29801042995 1000000
760 2130.76047188193 29.1241703913077 27.2668183480169 1000000
770 2029.08134002763 27.7343753390514 25.9656554746478 1000000
780 1898.57920805951 25.9506148563391 24.295651749048 1000000
790 1783.7128479333 24.3805709735603 22.8257351548599 1000000
800 1707.59260985376 23.3401261120609 21.8516431667119 1000000
810 1664.61399982656 22.7526755852975 21.3016564516744 1000000
820 1644.36334649181 22.4758807573291 21.0425138154215 1000000
830 1640.80856892134 22.4272924955174 20.9970242000654 1000000
840 1651.34241587791 22.5712737443193 21.1318232519819 1000000
850 1674.83433388268 22.8923716020176 21.4324435560167 1000000
860 1710.26694372138 23.3766800824727 21.8858659602791 1000000
870 1755.71750502592 23.9979183254767 22.4674856285902 1000000
880 1807.71115984749 24.7085904457233 23.1328356573604 1000000
890 1861.31373872249 25.4412540468977 23.8187746920183 1000000
900 1911.07468909578 26.1214085816893 24.4555533504167 1000000
910 1952.23003989484 26.6839380001778 24.9822082649862 1000000
920 1981.38736214836 27.0824730925411 25.355327355514 1000000
930 1996.50412930994 27.2890957084519 25.5487729115224 1000000
940 1996.50246124717 27.289072908637 25.5487515657329 1000000
950 2159.73759330466 29.5202424195352 27.6376314527787 1000000
960 2110.76564191098 28.8508722694851 27.0109494205087 1000000
970 2030.86171289968 27.7587102577669 25.9884384689517 1000000
980 1932.86333172062 26.4192253230711 24.7343772578157 1000000
990 1839.85103145842 25.1478923332437 23.5441216993668 1000000
1000 1771.32892152941 24.2113020259428 22.6672610907189 1000000
1010 1730.63329030164 23.6550562565567 22.1464890945755 1000000
1020 1767.41669664145 24.1578280171326 22.6171973098462 1000000
1030 1755.90911536405 24.0005373397722 22.4699376190191 1000000
1040 1750.61457030494 23.9281691714676 22.4021846264762 1000000
1050 1749.91389761062 23.9185920692042 22.3932182901237 1000000
1060 1753.03023817634 23.9611875813846 22.4330973348298 1000000
1070 1759.49326324198 24.0495270478516 22.515803078985 1000000
1080 1768.88799333259 24.1779383467986 22.636025132186 1000000
1090 1780.74079895029 24.3399477021345 22.7877025740933 1000000
1100 1794.46852683447 24.5275843188544 22.9633729356794 1000000
1110 1809.35855781136 24.7311078049644 23.1539170044291 1000000
1120 1824.56337318656 24.9389339025475 23.3484892917985 1000000
1130 1839.09588887083 25.1375707125449 23.5344583251703 1000000
1140 1851.80941141147 25.3113447249848 23.6971501501097 1000000
1150 1861.34662623796 25.4417035679101 23.8191955454752 1000000
1160 1866.0589409207 25.5061135555969 23.8794978789136 1000000
1170 1863.95000896389 25.4772877469411 23.852510394711 1000000
1180 1852.78946558589 25.3247405360791 23.7096916626343 1000000
1190 1830.60820972257 25.0215573844385 23.4258435800661 1000000
1200 1796.66205984615 24.5575664919021 22.9914430387995 1000000
1210 1752.52408859404 23.9542693064902 22.4266202629582 1000000
1220 1764.68730658286 24.1205215145108 22.5822699757275 1000000
1230 1709.8110747267 23.3704490647435 21.8800323167361 1000000
1240 1656.93772984473 22.6477529542131 21.2034251103543 1000000
1250 1611.83623402135 22.031285891586 20.6262723472595 1000000
1260 1578.06580662521 21.5696968511231 20.1941204834078 1000000
1270 1557.29094834436 21.2857369596142 19.9282697252278 1000000
1280 1550.30499170491 21.1902498346189 19.838872154178 1000000
1290 1557.95814916655 21.2948565536217 19.9368077302548 1000000
1300 1581.67517552334 21.6190312911887 20.2403086905737 1000000
1310 1623.27626724265 22.1876532924347 20.7726676422055 1000000
1320 1683.37660535789 23.0091311220368 21.5417569057187 1000000
1330 1757.97122408165 24.0287231478203 22.4963259177315 1000000
1340 1835.98852177681 25.0950978537188 23.4946941117774 1000000
1350 1902.91508654791 26.0098795487147 24.3511369209772 1000000
1360 1948.33145142956 26.6306503799845 24.9323189860647 1000000
1370 1969.09269143555 26.9144241309285 25.1979954745265 1000000
1380 1967.2850742772 26.8897168253366 25.1748638417833 1000000
1390 1947.5292428114 26.6196854400989 24.9220533194366 1000000
1400 2012.54849368461 27.5083971306599 25.7540887012073 1000000
1410 2042.3698721706 27.9160088353966 26.1357055562199 1000000
1420 1983.67845162316 27.1137887101933 25.3846458647283 1000000
1430 1923.99811319604 26.2980516208774 24.6209312340532 1000000
1440 1869.59850960225 25.5544939356318 23.9247928698541 1000000
1450 1822.14491093322 24.9058772977905 23.3175408244258 1000000
1460 1780.95597112629 24.3428887699833 22.7904560795736 1000000
1470 1829.92146480693 37.5922142919451 25.2325820320582 1000000
1480 1894.4761959638 25.8945330841409 24.2431465111436 1000000
1490 1842.94141398921 25.1901330395966 23.5836685654763 1000000
1500 1788.86947571415 24.4510540279044 22.8917232538716 1000000
1510 1736.92017318004 23.7409881342112 22.2269407904291 1000000
1520 1690.65683242558 23.1086404645485 21.6349201831526 1000000
1530 1788.4457066786 24.4452617665214 22.8863003856205 1000000
1540 1745.31031950944 23.8556683408933 22.3343074320089 1000000
1550 1704.43203268358 23.2969259545331 21.811198037045 1000000
1560 1668.24159461298 22.8022591448127 21.3480778910557 1000000
1570 1638.33525934471 22.3934862134455 20.9653738649694 1000000
1580 1615.57297110225 22.0823612559396 20.674090453773 1000000
1590 1600.31494981493 21.8738079165708 20.4788373034158 1000000
1600 1592.67256501639 21.7693484430608 20.3810395824625 1000000
1610 1592.72281664566 21.7700353044103 20.3816826402182 1000000
1620 1600.70451897327 21.8791327190047 20.4838225242394 1000000
1630 1617.25031988619 22.1052879961499 20.6955550741288 1000000
1640 1643.6993923891 22.4668055409101 21.0340173578661 1000000
1650 1682.39314754686 22.9956887885418 21.5291718376924 1000000
1660 1736.34453859947 23.7331201078286 22.2195745361032 1000000
1670 1806.87587970659 24.6971734697332 23.1221467825797 1000000
1680 1888.9263176188 25.8186749082905 24.1721260812625 1000000
1690 1968.96481323757 26.9126762355285 25.1963590486396 1000000
1700 2030.68822031574 27.7563388848966 25.9862183269726 1000000
1710 2062.25360111384 28.1877883795545 26.390152751168 1000000
1720 2057.0830343208 28.1171148006668 26.3239862780413 1000000
1730 2011.21475242795 27.4901669691145 25.7370211419726 1000000
1740 1924.83513871601 26.3094924534754 24.6316424440211 1000000
1750 1813.14980681507 24.7829282622317 23.2024326866282 1000000
1760 1710.56937946952 23.3808139071693 21.8897361562562 1000000
1770 1642.1753498906 22.4459742583724 21.0145145603862 1000000
1780 1604.78849979876 21.9349543634392 20.5360842236537 1000000
1790 1585.6567822779 21.6734536418382 20.29126033415 1000000
1800 1576.93222227126 21.5542025220733 20.1796142828896 1000000
1810 1575.42529930987 21.5336052368912 20.1603305599208 1000000
1820 1579.94965467722 21.5954461140655 20.2182276241714 1000000
1830 1589.95651986839 21.7322243445407 20.3462830198864 1000000
1840 1604.96249920957 21.9373326638419 20.5383108513718 1000000
1850 1624.28293339393 22.2014128477222 20.785549701661 1000000
1860 1646.89327444473 22.5104609242464 21.0748886819708 1000000
1870 1671.37742698599 22.8451210795798 21.3882063676316 1000000
1880 1695.96185156105 23.1811517971311 21.7028072098777 1000000
1890 1718.62394292222 23.4909072196368 21.9928084261972 1000000
1900 1737.23296656064 23.7452635315795 22.2309435304844 1000000
1910 1749.6635666157 23.9151704351696 22.3900148658743 1000000
1920 1753.83768057062 23.9722240588218 22.4434299768052 1000000
1930 1747.7080516757 23.8884415977114 22.3649906215496 1000000
1940 1729.30623918766 23.6369175388212 22.1295071474534 1000000
1950 1697.14189852671 23.1972811975734 21.7179079810246 1000000
1960 1651.29965236752 22.5706892338689 21.1312760178441 1000000
1970 1595.0243281566 21.801493375032 20.4111345176689 1000000
1980 1535.24865272164 20.9844531776016 19.6461998827235 1000000
1990 1633.38596631899 22.3258371016379 20.9020389778884 1000000
2000 1578.00952863737 21.5689276188565 20.1934003078217 1000000
2010 1529.74438041843 20.9092183651699 19.5757630621563 1000000
2020 1492.56543139491 20.4010401533908 19.0999931843253 1000000
2030 1467.8949903871 20.0638337254409 18.7842916109189 1000000
2040 1455.61134368298 19.895935444823 18.6271008014626 1000000
2050 1455.06460685122 19.8884624055689 18.6201043445297 1000000
2060 1465.62507355871 20.0328075048231 18.7552440428596 1000000
2070 1486.81291430258 20.3224122221019 19.0263796361717 1000000
2080 1518.13490203241 20.7505349133552 19.4271994190607 1000000
2090 1558.67348536326 21.3046340830788 19.9459617118453 1000000
2100 1606.48411807721 21.958130819128 20.5577826342428 1000000
2110 1658.07244042644 22.6632626770386 21.2179457229325 1000000
2120 1708.47484412175 23.3521848776918 21.8629329019229 1000000
2130 1752.22725938277 23.9502121144031 22.4228218124561 1000000
2140 1784.6746042181 24.3937166810591 22.8380425137858 1000000
2150 1802.55829198964 24.6381587836589 23.0668956731598 1000000
2160 1802.9696913382 24.6437819707249 23.0721602495651 1000000
2170 1779.15340568628 24.3182505134973 22.7673890924289 1000000
2180 1712.24559006296 23.4037250900918 21.9111862114678 1000000
2190 1587.0371739165 21.6923214413022 20.3089248668628 1000000
2200 1538.94325966153 21.0349526886758 19.6934788601716 1000000
2210 1445.73096767782 19.7608861241219 18.5006640567895 1000000
2220 1397.02567050466 19.0951607211264 17.8773943330773 1000000
2230 1373.90679529575 18.7791617762779 17.581547766065 1000000
2240 1367.82528934443 18.6960370807059 17.5037242282974 1000000
2250 1376.15012140353 18.8098245432422 17.6102550592043 1000000
2260 1398.1961928525 19.1111599349073 17.8923732200297 1000000
2270 1459.42569203175 32.1388727625554 20.4329177226917 1000000
2280 1612.14344106521 22.0354849324491 20.630203600336 1000000
2290 1654.01109982004 22.6077504890668 21.1659737448404 1000000
2300 2493.25684017642 34.0789300349923 31.9055953276612 1000000
2310 2441.77888023664 33.3753066589875 31.2468445196152 1000000
2320 2291.57205870366 31.3222138210115 29.3246847220123 1000000
2330 2113.97341995457 28.8947175892908 27.0519985681579 1000000
2340 2150.66569441815 29.3962437193387 27.5215405911946 1000000
2350 2017.82640001468 27.5805378735049 25.8216287720219 1000000
2360 1898.47577115368 25.9492010352598 24.2943280923729 1000000
2370 1989.69066024835 27.1959662194622 25.4615826216359 1000000
2380 1869.11370182498 25.5478673699063 23.9185889038189 1000000
2390 1753.77485710614 23.9713653601046 22.4426260403625 1000000
2400 1652.13126459754 22.5820560752414 21.1419179552703 1000000
2410 1566.3928170866 21.4101453009677 20.0447441036937 1000000
2420 1495.91734232992 20.4468555448887 19.1428867651804 1000000
2430 1439.58329834662 19.6768570784013 18.4219938425024 1000000
2440 1396.54277566699 19.0885603022999 17.8712148464603 1000000
2450 1366.33306218847 18.6756406642497 17.4846285639407 1000000
2460 1348.84469237028 18.4366019411401 17.260834191308 1000000
2470 1344.24006265328 18.3736638388821 17.2019098759239 1000000
2480 1352.77132712802 18.4902729103824 17.3110823717447 1000000
2490 1374.41212622801 18.7860688615037 17.588014361873 1000000
2500 1408.28324636662 19.2490342146155 18.0214547660156 1000000
2510 1452.07273591725 19.8475681990077 18.5818181071259 1000000
2520 1501.89876108194 20.5286122046421 19.2194295116444 1000000
2530 1552.90981617043 21.2258537199802 19.8722054530012 1000000
2540 1600.27761401424 21.8732975944415 20.4783595263457 1000000
2550 1639.90368046264 22.4149240824536 20.9854445647408 1000000
2560 1668.58654207776 22.8069740383322 21.352492099028 1000000
2570 1683.91001580737 23.0164220104423 21.5485828282111 1000000
2580 1684.19394451632 23.0203028727951 21.5522161941538 1000000
2590 1668.70388469989 22.8085779288521 21.3539937037387 1000000
2600 1654.52593673403 33.7927332068894 22.7774606347677 1000000
2610 1688.99140399919 23.085876657023 21.6136081046842 1000000
2620 1624.4843598431 22.2041660329366 20.7881273064515 1000000
2630 1555.93385787059 21.2671876507098 19.9109033717975 1000000
2640 1493.54905135182 20.414484703167 19.1125803272926 1000000
2650 1442.90600242267 19.7222732577174 18.4645136703579 1000000
2660 1405.13460548224 19.2059972074869 17.9811623820661 1000000
2670 1379.31455034338 18.8530773484503 17.6507494790215 1000000
2680 1478.28399900088 20.205835260131 18.9172372021413 1000000
2690 1464.29238401791 20.0145917185922 18.7381899421745 1000000
2700 1452.54805084615 19.8540650123105 18.5879005955123 1000000
2710 1443.36068119966 19.7284880070284 18.4703320829775 1000000
2720 1437.03722303132 19.6420562022397 18.3894123421231 1000000
2730 1433.87920104494 19.598890970087 18.3489999105158 1000000
2740 1434.20812953467 19.6033869092166 18.3532091275992 1000000
2750 1438.41447818508 19.6608811308508 18.40703673801 1000000
2760 1447.01671089997 19.7784602274412 18.517117396967 1000000
2770 1460.68741681855 19.9653174428796 18.6920580624665 1000000
2780 1618.28209949863 22.1193908132593 20.7087585043776 1000000
2790 1770.57760110847 24.2010326482973 22.6576466278503 1000000
2800 1761.70039872842 24.0796951455013 22.5440472496332 1000000
2810 1814.51910962548 24.8016444947195 23.2199553183306 1000000
2820 1719.96412906362 23.5092254726986 22.0099584590387 1000000
2830 1607.27627683094 21.9689583930505 20.5679196952245 1000000
2840 1513.80219213358 20.6913135306541 19.3717547947939 1000000
2850 1450.5089411556 19.82619356507 18.5618066096994 1000000
2860 1409.14570339477 19.2608226562421 18.0324914167466 1000000
2870 1400.31626446556 19.1401380052794 17.919503255677 1000000
2880 1381.45566627163 18.8823430617696 17.678148813601 1000000
2890 1369.50236672075 18.7189601111975 17.5251853755165 1000000
2900 1363.99568617145 18.6436923818002 17.4547177372158 1000000
2910 1364.85967317398 18.6555017357888 17.465773966653 1000000
2920 1372.10642299164 18.754553496537 17.5585088439417 1000000
2930 1385.64105328681 18.9395507705628 17.7317081831148 1000000
2940 1405.07732976004 19.2052143377487 17.9804294387186 1000000
2950 1429.54820791963 19.5396930530007 18.293577255378 1000000
2960 1457.56010987421 19.9225720374176 18.6520386837071 1000000
2970 1486.97752351443 20.3246621731392 19.0284860998203 1000000
2980 1515.1905815608 20.7102906474072 19.3895216732431 1000000
2990 1539.4102746983 21.0413360554059 19.6994551368772 1000000
3000 1556.94104758109 21.2809543622346 19.9237921311115 1000000
3010 1809.71595476224 24.7359928635302 23.1584905254167 1000000
3020 1780.58578212639 24.3378288640707 22.785718861877 1000000
3030 1709.36575609397 23.3643622539972 21.8743336835834 1000000
3040 1608.89117506566 21.9910315317131 20.5885851512425 1000000
3050 1511.78277229019 20.6637112128963 19.3459127751184 1000000
3060 1442.48507489344 19.7165198352914 18.4591271641651 1000000
3070 1399.45877411269 19.1284174503529 17.9085301622695 1000000
3080 1372.58294661969 18.761066830871 17.5646067997543 1000000
3090 1355.3419290993 18.5254090276549 17.3439777337155 1000000
3100 1344.88079308084 18.3824216239045 17.2101091458131 1000000
3110 1340.10908413275 18.3171998093009 17.1490467585509 1000000
3120 1385.75106606566 18.9410544735639 17.7331159896216 1000000
3130 1387.12353786833 18.9598140212305 17.7506791741395 1000000
3140 1390.03162705191 18.9995630620136 17.7878932770642 1000000
3150 1394.26358428187 19.0574073129656 17.842048594177 1000000
3160 1399.53318510252 19.1294345324583 17.9094823814277 1000000
3170 1405.47071906563 19.2105913556338 17.9854635450281 1000000
3180 1411.61948559874 19.2946353983921 18.0641477999385 1000000
3190 1417.43512678275 19.3741261375029 18.1385691315871 1000000
3200 1422.28623969078 19.4404332803213 18.2006476318195 1000000
3210 1425.45668918529 19.4837683771159 18.2412190951957 1000000
3220 1426.15464278421 19.4933083135886 18.2501506359524 1000000
3230 1423.54154100132 19.4575912902164 18.216711414332 1000000
3240 1416.80385692846 19.3654976637528 18.13049092633 1000000
3250 1427.42998275462 19.5107402206917 18.2664708482727 1000000
3260 1408.66955903532 19.2543145059181 18.0263983143412 1000000
3270 1383.01369721209 18.9036389132665 17.6980865528234 1000000
3280 1351.92226899993 18.4786676108093 17.3002171834463 1000000
3290 1318.08131390426 18.016114566759 16.8671627939484 1000000
3300 1284.87190451706 17.562193766955 16.4421901397458 1000000
3310 1255.54760936862 17.1613764156955 16.0669343380978 1000000
3320 1232.63797279834 16.8482374364997 15.7737653465455 1000000
3330 1441.12690914518 19.6979558290626 18.4417470507113 1000000
3340 1420.0114149643 19.4093399763959 18.1715372585941 1000000
3350 1391.33323454627 19.0173540051762 17.8045496284362 1000000
3360 1356.49318427412 18.5411448892489 17.3587100633877 1000000
3370 1317.97838027483 18.0147076246827 16.8658455775778 1000000
3380 1279.1584987762 17.4841004268038 16.3690770899496 1000000
3390 1243.58290423325 16.9978375685831 15.9138249455504 1000000
3400 1214.17174383934 16.5958329049797 15.537457550694 1000000
3410 1192.86857128117 16.3046517817859 15.264846084485 1000000
3420 1267.7632317245 17.3283449096315 16.2232546566793 1000000
3430 1261.03666909489 17.2364032959411 16.1371764870547 1000000
3440 1259.84904163386 17.2201702819572 16.1219787101707 1000000
3450 1265.95410460732 17.3036169652588 16.2001037013638 1000000
3460 1282.41982133105 17.5286776165169 16.4108114335564 1000000
3470 1313.08596219235 17.9478359045903 16.8032385051743 1000000
3480 1362.89493702408 18.6286468587818 17.4406317207703 1000000
3490 1508.32464473243 20.6164440059268 19.3016599662336 1000000
3500 1896.13137231254 25.9171567617642 24.2643273962927 1000000
3510 1892.63031833266 25.869302817595 24.2195252685284 1000000
3520 1825.44004321333 24.9509166136845 23.3597078227816 1000000
3530 1712.69879415769 23.4099196827975 21.9169857529406 1000000
3540 1598.55669508524 21.8497753183438 20.4563373495465 1000000
3550 1512.38408879354 20.6719302710842 19.3536076747014 1000000
3560 1449.29886733616 19.8096537443964 18.5463215922806 1000000
3570 1398.0139986549 19.1086696245578 17.890041725638 1000000
3580 1353.03666685843 18.4938996904086 17.3144778590953 1000000
3590 1312.91807961655 17.9455412117762 16.8010901530914 1000000
3600 1277.8685431753 17.4664687468408 16.352569844996 1000000
3610 1248.55614096449 17.0658139534787 15.9774662343494 1000000
3620 1225.63434255981 16.7525087409864 15.6841416107899 1000000
3630 1209.62918414772 16.5337432031022 15.4793275301774 1000000
3640 1200.96550549157 16.4153242363873 15.368460562604 1000000
3650 1200.00608724624 16.4022104862394 15.3561831229949 1000000
3660 1207.03092797727 16.4982290960841 15.4460782842128 1000000
3670 1222.10756693348 16.7043032220514 15.6390103294345 1000000
3680 1244.83059227067 17.0148915169159 15.9297913028769 1000000
3690 1273.98607432303 17.4134014566012 16.3028868448026 1000000
3700 1307.32674580977 17.8691164044587 16.7295392278492 1000000
3710 1341.69757350547 18.3389119800335 17.169374266849 1000000
3720 1373.55617938056 18.7743694038876 17.5770610203254 1000000
3730 1399.60424369417 19.1304057925123 17.9103917007699 1000000
3740 1417.17219391273 19.3705322555021 18.1352044442377 1000000
3750 1424.25656672324 19.4673645759677 18.2258614228529 1000000
3760 1419.37040562997 19.4005783791532 18.1633344196034 1000000
3770 1401.46204937255 19.155799096849 17.9341655836754 1000000
3780 1370.20498540656 18.7285638121277 17.5341766142441 1000000
3790 1326.94328329068 18.1372438583048 16.9805672392881 1000000
3800 1275.98755567637 17.4407585831947 16.3284993100273 1000000
3810 1224.61936515496 16.7386355838332 15.671153194264 1000000
3820 1180.42925863829 16.134625790717 15.1056632562489 1000000
3830 1148.10394676669 15.692789224231 14.6920041807794 1000000
3840 1128.80755216295 15.4290376239017 14.4450729590981 1000000
3850 1121.65661050711 15.3312954112075 14.3535641153214 1000000
3860 1125.1164143418 15.3785855302667 14.3978383751104 1000000
3870 1137.5051074491 15.5479196312809 14.556373437584 1000000
3880 1156.86388687856 15.8125239348202 14.8041029825555 1000000
3890 1180.65305422346 16.1376847271115 15.1085271133781 1000000
3900 1205.72704548937 16.4804070573101 15.4293928203074 1000000
3910 1228.89277813435 16.7970464701841 15.7258390104188 1000000
3920 1247.84516064803 17.0560959621068 15.9683679938884 1000000
3930 1367.44824360073 18.6908834538062 17.4988992665348 1000000
3940 1372.01253081263 18.7532701369779 17.5573073287911 1000000
3950 1366.27047471304 18.6747851911345 17.483827647392 1000000
3960 1446.95629306292 19.7776344098965 18.5163442447475 1000000
3970 1416.69240591296 19.3639743023012 18.1290647150621 1000000
3980 1378.30143277509 18.8392296123605 17.6377848623674 1000000
3990 1336.66541440187 18.2701302182619 17.104978962925 1000000
4000 1296.2192327351 17.7172940350843 16.5873991115377 1000000
4010 1260.09648978986 17.2235525120827 16.1251452434386 1000000
4020 1229.84966486494 16.8101256184763 15.7380840548557 1000000
4030 1205.83895890722 16.4819367390804 15.4308249488247 1000000
4040 1187.82291478585 16.2356855317334 15.2002780577546 1000000
4050 1175.38317599679 16.0656537159114 15.0410897762307 1000000
4060 1168.12405334104 15.9664328377754 14.9481965667722 1000000
4070 1350.78572459856 18.4631328225308 17.2856731039284 1000000
4080 1336.31213965872 18.2653015038427 17.1004581928171 1000000
4090 1312.09411150633 17.934278853592 16.7905460355884 1000000
4100 1356.22295622826 18.5374512935791 17.355252021465 1000000
4110 1374.12371163041 18.7821266840535 17.5843235911152 1000000
4120 1314.57421323093 17.9681779737269 16.8222832881336 1000000
4130 1257.76884672225 17.1917372638623 16.0953589668763 1000000
4140 1213.97864512505 16.5931935469047 15.534986513881 1000000
4150 1185.46677129493 16.203480727204 15.1701270682762 1000000
4160 1168.86879680758 15.9766123187183 14.9577268659711 1000000
4170 1160.18026131573 15.8578535978508 14.8465418115771 1000000
4180 1156.83862370725 15.812178626694 14.8037796959579 1000000
4190 1157.51459519973 15.8214181020768 14.8124299370982 1000000
4200 1161.50605824244 15.8759751728037 14.8635077091728 1000000
4210 1168.34584110917 15.9694643304444 14.95103473036 1000000
4220 1177.60237145961 16.0959866546174 15.0694882754341 1000000
4230 1188.78407597809 16.2488231052456 15.2125778014273 1000000
4240 1201.29755641823 16.4198628543569 15.3727097367459 1000000
4250 1214.43688064934 16.5994569114006 15.5408504413221 1000000
4260 1227.39018221313 16.7765083288884 15.7066106595201 1000000
4270 1239.24707356656 16.9385735298557 15.8583403855839 1000000
4280 1248.98262491995 17.0716433235801 15.9829238447638 1000000
4290 1255.38979408717 17.1592193270842 16.0649148147075 1000000
4300 1331.75557065568 18.203020316541 17.0421488985836 1000000
4310 1315.75381621353 17.9843013056137 16.8373783777384 1000000
4320 1280.55209548707 17.5031487189979 16.3869106047285 1000000
4330 1226.92967355751 16.7702138942347 15.7007176433758 1000000
4340 1164.33750576011 15.9146766416205 14.8997410475255 1000000
4350 1107.39204755442 15.1363210968846 14.1710240072345 1000000
4360 1065.45164407815 14.5630612334498 13.634322966399 1000000
4370 1039.57786066123 14.2094069927004 13.3032225157782 1000000
4380 1027.24371475285 14.0408184667693 13.1453854804099 1000000
4390 1025.97982825723 14.0235431107922 13.1292118353928 1000000
4400 1034.20375932893 14.1359514142966 13.2344514611499 1000000
4410 1050.87285587602 14.3637919503461 13.4477617949827 1000000
4420 1074.87495963679 14.6918632511344 13.7549108208126 1000000
4430 1104.43428875628 15.0958931499847 14.1331742944532 1000000
4440 1136.79080166387 15.5381561859406 14.5472326419161 1000000
4450 1168.46019966557 15.9710274334427 14.9524981487146 1000000
4460 1196.03687072569 16.3479574907525 15.3053900341995 1000000
4470 1217.00227720886 16.634521878818 15.5736791909174 1000000
4480 1230.04421240872 16.8127847797895 15.7405736319839 1000000
4490 1234.90846388513 16.8792715063336 15.8028202632484 1000000
4500 1335.30552683581 18.2515426774708 17.0875768157917 1000000
4510 1316.55451996813 17.9952456763628 16.8476247869971 1000000
4520 1285.9576649608 17.5770344177859 16.4560843494327 1000000
4530 1759.65475700173 24.0517344155207 22.5178696749584 1000000
4540 1663.17044568079 22.7329444529318 21.283183643873 1000000
4550 1566.20800683946 21.4076192333037 20.0423791323587 1000000
4560 1487.71348839877 20.3347216645633 19.0379040616592 1000000
4570 1416.71276960268 19.36425264216 18.1293253041971 1000000
4580 1345.76560043654 18.3945155596289 17.2214318081955 1000000
4590 1275.72727406655 17.4372009397832 16.3251685502033 1000000
4600 1210.38447866471 16.5440669004387 15.488992848577 1000000
4610 1220.40057624109 16.6809713232117 15.6171663888576 1000000
4620 1165.84333744934 15.9352590108153 14.9190108057526 1000000
4630 1117.28662364814 15.2715645106356 14.2976424669525 1000000
4640 1065.84450897941 27.7090310815079 15.5392134276077 1000000
4650 1113.53545973875 15.220291954051 14.2496397438588 1000000
4660 1079.49402528189 14.7549986700009 13.8140198692225 1000000
4670 1050.73154860747 14.3618605005088 13.4459535205786 1000000
4680 1028.13483843438 14.0529987368105 13.1567889712624 1000000
4690 1012.24703864727 13.8358373081802 12.9534767001453 1000000
4700 1003.43421116765 13.7153797098098 12.8407011117157 1000000
4710 1001.9863741249 13.6955900369261 12.8221734967334 1000000
4720 1008.10875079982 13.779273371507 12.9005200471113 1000000
4730 1021.7811594544 13.9661538606893 13.0754825021051 1000000
4740 1042.49073782694 14.2492214777271 13.3404978893341 1000000
4750 1068.92849983104 14.6105844256197 13.6788154353965 1000000
4760 1098.85714418891 15.0196622874263 14.0618049454223 1000000
4770 1129.34384619122 15.436367926329 14.45193578204 1000000
4780 1157.29469744027 15.8184124428768 14.8096159594871 1000000
4790 1179.96748182263 16.1283140222946 15.0997540117721 1000000
4800 1195.20788400475 16.3366265359918 15.2947816947681 1000000
4810 1201.43431804011 16.4217321722982 15.3744598416262 1000000
4820 1197.56077372229 16.3687868665169 15.3248910465079 1000000
4830 1183.04804266569 16.1704204815039 15.1391751921564 1000000
4840 1158.2228778587 15.8310992206809 14.821493656299 1000000
4850 1124.85533354862 15.3750169632659 14.3944973883333 1000000
4860 1086.5739314176 14.8517699379927 13.9046196888976 1000000
4870 1048.33004688169 14.3290357196948 13.4152220929106 1000000
4880 1014.78204532785 13.8704868933789 12.985916557925 1000000
4890 988.844006970581 13.515954387871 12.6539938526164 1000000
4900 971.519079549996 13.2791496672688 12.432291012197 1000000
4910 962.651379315013 13.1579420439668 12.3188132305962 1000000
4920 961.692777533604 13.1448394536064 12.3065462390752 1000000
4930 968.101577364435 13.2324377457373 12.3885580762207 1000000
4940 1049.0817091965 14.3393097704959 13.4248409309111 1000000
4950 1064.41703999173 14.5489198101889 13.6210833920503 1000000
4960 1080.38497144629 14.7671765136599 13.8254210884318 1000000
4970 1096.30434549804 14.9847695132131 14.0291374076575 1000000
4980 1111.73788822404 15.1957219567305 14.2266366627495 1000000
4990 1126.63209152486 15.3993024719972 14.4172341237035 1000000
5000 1141.30141556178 15.5998092386726 14.6049538599579 1000000
5010 1155.76727057252 15.7975349012932 14.7900698530653 1000000
5020 1168.15176068963 15.9668115539906 14.9485511309059 1000000
5030 1174.07241656704 16.0477376800744 15.0243163097896 1000000
5040 1168.8360485951 15.9761647017605 14.9573077951404 1000000
5050 1149.99181391369 15.7185934219298 14.7161627529143 1000000
5060 1118.47155420734 15.2877606621802 14.3128057322463 1000000
5070 1078.62027836577 14.7430559132248 13.8028387445685 1000000
5080 1036.78044041686 14.1711706236067 13.2674246160832 1000000
5090 998.666215459373 13.6502086493995 12.7796862418711 1000000
5100 967.560191422279 13.2250378447936 12.3816300933077 1000000
5110 944.499639898537 12.9098360937015 12.0865298801675 1000000
5120 1110.25058920314 15.1753929001898 14.2076040625266 1000000
5130 1096.30881366091 26.3766983901651 15.6661976050642 1000000
5140 1143.39332695646 15.6284024028062 14.631723536208 1000000
5150 1100.92176211688 15.0478823924642 14.0882253538835 1000000
5160 1058.14179574485 14.4631470144642 13.5407806329054 1000000
5170 1020.41644129942 13.9475002932863 13.0580185391119 1000000
5180 1122.77963055852 15.346645342728 14.367935127055 1000000
5190 1087.16592387798 14.8598615510643 13.9121952709932 1000000
5200 1053.9080083717 14.4052777483109 13.4866018958999 1000000
5210 1024.87955072929 14.0085040340755 13.1151318541455 1000000
5220 1000.76844206861 13.6789428064183 12.8065879193881 1000000
5230 981.566396778617 13.4164808139666 12.5608640626984 1000000
5240 967.002083839335 13.217409385116 12.3744881276651 1000000
5250 956.775784426383 13.0776318312775 12.2436246861169 1000000
5260 950.643954451688 12.9938192848416 12.1651571641841 1000000
5270 948.433556911056 12.9636066000018 12.1368712498297 1000000
5280 950.036340966212 12.9855141567351 12.1573816836676 1000000
5290 1058.64705316026 14.4700530948294 13.5472462879365 1000000
5300 1056.76831721981 14.4443737064739 13.5232045656086 1000000
5310 1048.74930465493 14.3347663191625 13.4205872316463 1000000
5320 1033.65956816137 14.1285131702995 13.2274875804565 1000000
5330 1010.51337436905 13.812140823049 12.9312914242429 1000000
5340 978.928741200901 13.3804281785378 12.5271106321973 1000000
5350 940.57999034798 12.8562606013404 12.0363710877114 1000000
5360 900.257908541142 12.3051206695782 11.520379311747 1000000
5370 864.336147402709 11.814126254224 11.0606973584595 1000000
5380 837.519172394683 11.4475800563666 10.7175271167377 1000000
5390 821.564118908868 11.2294993746309 10.5133542165588 1000000
5400 816.474636081627 11.1599340870164 10.4482253550246 1000000
5410 821.986430450969 11.2352717143532 10.5187584336243 1000000
5420 950.651788715057 12.9939263669957 12.1652574173279 1000000
5430 970.750641357121 13.2686463163949 12.4224574974058 1000000
5440 993.3544731676 13.5776054217623 12.7117131805662 1000000
5450 1017.74386827238 13.9109703908173 13.0238182785891 1000000
5460 1043.32635404111 14.2606430473143 13.3511910647619 1000000
5470 1069.80857776389 14.6226137175144 13.6900775765165 1000000
5480 1097.12921419622 14.9960441810293 14.0396930497632 1000000
5490 1124.6030454227 15.3715685783048 14.3912689191591 1000000
5500 1149.0703040195 15.7059978197822 14.7043704171627 1000000
5510 1163.86910919682 15.9082743915788 14.8937470917644 1000000
5520 1160.80295348299 15.8663648280055 14.8545102502803 1000000
5530 1133.97029813861 15.4996043044208 14.5111393511459 1000000
5540 1084.47003315797 14.8230129321218 13.8776966196812 1000000
5550 1023.97398032303 13.9961262998528 13.1035434921054 1000000
5560 968.454536360715 13.2372621443896 12.3930748057935 1000000
5570 926.005767879679 12.6570537246929 11.8498683428694 1000000
5580 1026.23308735834 14.0270047674689 13.1324527298979 1000000
5590 993.780137275956 13.5834235858332 12.7171602995986 1000000
5600 963.3620592344 13.1676559293796 12.3279076269496 1000000
5610 935.886106314148 12.7921025318613 11.9763046067596 1000000
5620 912.05319963137 12.4663438910806 11.6713207543744 1000000
5630 892.317512871289 12.1965878525324 11.4187680188784 1000000
5640 876.936657629157 11.9863555646956 11.2219429925751 1000000
5650 866.052976468221 11.8375926282705 11.0826671982804 1000000
5660 859.76716102237 11.7516753407531 11.002229162099 1000000
5670 858.189142095601 11.7301062846765 10.9820356415256 1000000
5680 861.459899576554 11.7748124351054 11.0238907215641 1000000
5690 869.731711886213 11.8878752004094 11.1297430717615 1000000
5700 883.080662230807 12.0703345192824 11.3005663102184 1000000
5710 1189.61160721214 16.260134165772 15.2231675153505 1000000
5720 1177.74718563476 16.0979660383951 15.0713414268606 1000000
5730 1135.27219505972 15.5173992035954 14.5277994062409 1000000
5740 1069.11699910537 14.6131609165283 13.6812276143062 1000000
5750 1001.50129543396 13.6889597682335 12.8159660638826 1000000
5760 951.662324065508 13.0077388081975 12.1781889899747 1000000
5770 919.560024505264 12.5689504719752 11.7673837482716 1000000
5780 897.939616951327 12.2734332414653 11.4907127037489 1000000
5790 882.112314281301 12.057098714014 11.2881745993784 1000000
5800 870.088605460689 11.8927533786053 11.1343101511649 1000000
5810 861.168378627116 11.7708277986734 11.0201601995848 1000000
5820 855.173726935502 11.6888902652871 10.9434481144435 1000000
5830 852.117230317034 11.6471127264734 10.90433487803 1000000
5840 852.055535018225 11.6462694480202 10.9035453784463 1000000
5850 855.013476117192 11.6866998866878 10.9413974240864 1000000
5860 860.928906797513 11.7675545924819 11.0170957374065 1000000
5870 869.597402750533 11.8860394041271 11.1280243507446 1000000
5880 880.613962205958 12.0366185794684 11.2690005559329 1000000
5890 893.323869758964 12.2103431806689 11.4316461207635 1000000
5900 906.804333576689 12.39460008348 11.6041523048304 1000000
5910 919.893752720348 12.57351201586 11.7716543862614 1000000
5920 1031.44475566917 14.0982401399618 13.1991451690514 1000000
5930 1029.46978672473 14.0712453966227 13.1738719766106 1000000
5940 1011.20915114382 13.8216510057326 12.9401951087155 1000000
5950 976.182733017933 13.3428945320899 12.491970640023 1000000
5960 928.98223971707 12.6977374496357 11.8879575218171 1000000
5970 880.485708290798 12.0348655486009 11.2673593220855 1000000
5980 841.340408209313 11.4998103865418 10.76642653279 1000000
5990 814.99020347531 11.1396442098897 10.429229435605 1000000
6000 799.440135910818 10.9270990536786 10.2302390407786 1000000
6010 791.795441987502 10.8226080180366 10.1324117705227 1000000
6020 790.070564533706 10.7990316350825 10.110338937454 1000000
6030 793.143305852301 10.8410312135955 10.1496600533045 1000000
6040 800.344955521642 10.9394665256994 10.2418177950739 1000000
6050 811.137360569954 11.0869818601103 10.3799255513768 1000000
6060 824.899279083427 11.2750858093748 10.5560334420472 1000000
6070 840.795992096304 11.4923690678913 10.7594597735249 1000000
6080 857.735172474669 11.7239012284222 10.9762263038019 1000000
6090 874.419392641155 11.9519484807469 11.1897301708772 1000000
6100 889.473252700572 12.1577112547438 11.3823707201521 1000000
6110 901.577117677193 12.3231521997136 11.537260907004 1000000
6120 909.518909529974 12.4317041004012 11.6388900664825 1000000
6130 912.083259617652 12.4667547641816 11.6717054246348 1000000
6140 907.713889730544 12.4070322966522 11.6157916715033 1000000
6150 894.018309045262 12.2198350819725 11.4405326897247 1000000
6160 867.924387920842 11.8631719023079 11.1066151909367 1000000
6170 828.627948169481 11.3260508968297 10.6037483044125 1000000
6180 782.694619252542 10.6982139739703 10.015950777555 1000000
6190 742.033055759242 10.1424338573484 9.49561473784103 1000000
6200 713.970579941624 9.75886360714921 9.13650612820985 1000000
6210 698.706113627141 9.55022217431714 8.94117050242325 1000000
6220 693.917331962933 9.48476700232777 8.87988963980664 1000000
6230 697.665830797553 9.53600313149938 8.92785825859327 1000000
6240 708.727544863642 9.68719949990027 9.06941229624227 1000000
6250 726.040243016691 9.92383706550019 9.2909586417291 1000000
6260 748.044334658338 10.2245986587126 9.57253959727216 1000000
6270 793.275744605159 22.1505420330997 11.7757250204756 1000000
6280 906.114551156249 12.3851718342653 11.5953253286376 1000000
6290 917.057206350862 12.5347408536961 11.7353557991545 1000000
6300 916.924063962654 12.5329210050309 11.7336520087184 1000000
6310 907.245176557553 12.40062571905 11.6097936641656 1000000
6320 890.090483663528 12.1661478387584 11.3902692731653 1000000
6330 868.134027417048 11.8660373470582 11.1092978960728 1000000
6340 844.518499303319 11.543249932076 10.8070957838378 1000000
6350 822.240442289588 11.2387436597769 10.5220089607264 1000000
6360 803.364693077241 10.9807416254898 10.2804606347894 1000000
6370 788.68072400329 10.7800346840133 10.0925534895937 1000000
6380 777.989942246859 10.6339083814094 9.95574618159369 1000000
6390 770.652959318463 10.533623274855 9.86185661335218 1000000
6400 765.994470611519 10.4699490042565 9.80224307770388 1000000
6410 763.463503905548 10.4353546392061 9.76985491848689 1000000
6420 762.641132930915 10.4241141113729 9.75933123913583 1000000
6430 763.197675324881 10.4317211773597 9.76645317543955 1000000
6440 764.850214206716 10.4543088049265 9.78760030957248 1000000
6450 767.335017605228 10.4882721896064 9.8193977282837 1000000
6460 770.395043531859 10.5300979685548 9.85855612838673 1000000
6470 773.778838054125 10.5763491589331 9.90185771567596 1000000
6480 777.245771392081 10.6237367271757 9.94622320996695 1000000
6490 780.569621256387 10.6691685676292 9.98875770019337 1000000
6500 783.524391924152 10.7095556714501 10.0265691746041 1000000
6510 785.820409929585 10.7409386544245 10.0559507530143 1000000
6520 786.956619988659 10.7564688727656 10.070490554036 1000000
6530 786.061488737339 10.7442338254996 10.0590357792973 1000000
6540 782.013841028238 10.6889087980648 10.0072390258484 1000000
6550 773.984653492462 10.5791623347802 9.90449148528283 1000000
6560 761.971823950096 10.4149657021269 9.75076625652069 1000000
6570 746.903299411698 10.2090024875877 9.55793804951052 1000000
6580 730.345699960394 9.98268594283556 9.34605451662369 1000000
6590 714.048538032496 9.75992917259024 9.13750373874873 1000000
6600 699.546578022376 9.56171001097343 8.95192571883319 1000000
6610 687.967411899376 9.40344088048892 8.80374997432142 1000000
6620 680.05165111475 9.29524478387903 8.70245392802762 1000000
6630 676.287020092384 9.24378815287678 8.65427886959719 1000000
6640 677.048927531781 9.25420223854255 8.6640288119404 1000000
6650 682.67698481848 9.33112899851998 8.73604967853415 1000000
6660 693.435000564822 9.47817428484075 8.87371736338732 1000000
6670 709.302510106256 9.69505837747753 9.07676998521467 1000000
6680 729.601789613331 9.97251784933579 9.33653487865019 1000000
6690 752.652514193557 10.2875852814459 9.6315093388081 1000000
6700 775.827593016793 10.6043524419911 9.92807512966681 1000000
6710 796.159218020342 10.8822540263078 10.1882539404752 1000000
6720 811.075663474019 11.0861385570932 10.3791360287957 1000000
6730 818.724453292673 11.1906855772324 10.477015713218 1000000
6740 817.812766675586 11.1782242439526 10.4653490835304 1000000
6750 807.276965418115 11.0342162829074 10.3305250229054 1000000
6760 786.233138535013 10.7465800103575 10.0612323395932 1000000
6770 855.871778184019 11.6984315364773 10.9523809047979 1000000
6780 807.134909117049 11.0322745949645 10.3287071633161 1000000
6790 756.781663285873 10.3440243055984 9.68434904543764 1000000
6800 720.457179727914 9.84752530325683 9.2195135522742 1000000
6810 699.431238219346 9.560133495865 8.95044974370646 1000000
6820 687.467730003286 9.39661100877165 8.79735566784151 1000000
6830 680.225613262112 9.29762257494858 8.70468007889448 1000000
6840 675.882599830354 9.23826035903206 8.6491036028478 1000000
6850 673.757173970013 9.20920910445534 8.62190505021326 1000000
6860 673.5747701994 9.20671592956991 8.6195708739673 1000000
6870 675.176956876441 9.22861532107664 8.64007366330424 1000000
6880 678.400627402743 9.27267786631925 8.68132618315078 1000000
6890 683.019732916083 9.33581383012242 8.74043574174483 1000000
6900 688.713747778417 9.41364212722555 8.81330065123183 1000000
6910 695.053004050531 9.5002898674383 8.89442255653947 1000000
6920 701.499527534359 9.58840378303424 8.97691713400575 1000000
6930 707.422295075493 9.66935877226573 9.05270933533141 1000000
6940 712.122270142952 9.73360009666888 9.11285376174431 1000000
6950 714.85977783487 9.77101755466993 9.14788497522271 1000000
6960 714.879940016982 9.77129314023435 9.14814298571445 1000000
6970 711.44530726083 9.72434707053681 9.10419083403434 1000000
6980 703.909176025375 9.62133991741519 9.00775281382718 1000000
6990 691.885764860724 9.45699865049898 8.85389217464397 1000000
7000 675.548782025243 9.2336975905914 8.64483181839648 1000000
7010 655.950796337681 8.96582371080854 8.39404120969994 1000000
7020 635.055988209815 8.6802242920845 8.12665548279278 1000000
7030 615.244739201931 8.40943543553103 7.87313579577315 1000000
7040 598.55395279745 8.18129843298015 7.65954790216323 1000000
7050 600.508201650072 20.0703434063399 9.39220553845397 1000000
7060 701.833690966272 20.3921490414692 10.5292786371427 1000000
7070 765.407479866538 10.4619257568289 9.79473150133169 1000000
7080 733.324844873067 10.0234062045459 9.38417790225913 1000000
7090 697.913342688095 9.53938623277667 8.93102560745649 1000000
7100 667.284072526952 9.12073190963417 8.5390703611314 1000000
7110 645.586119718221 8.82415475650822 8.26140698903169 1000000
7120 631.961949242442 8.63793360794978 8.08706182616251 1000000
7130 623.862497721086 8.52722674563607 7.98341513463348 1000000
7140 619.351512626136 8.46556861921986 7.92568916647435 1000000
7150 617.368633872966 8.43846576113951 7.90031475415428 1000000
7160 617.368023967951 8.43845742468977 7.90030694934962 1000000
7170 619.029889259509 8.46117252972266 7.92157343125679 1000000
7180 622.107539728212 8.50323920865642 7.96095736829534 1000000
7190 626.352710445332 8.56126406735693 8.01528177515735 1000000
7200 631.479375993003 8.63133758473251 8.08088645483114 1000000
7210 637.147161727892 8.70880737059659 8.15341571661729 1000000
7220 642.954910000301 8.78819022592339 8.22773604461498 1000000
7230 648.436745281812 8.86311835928359 8.29788574412706 1000000
7240 733.111411159918 10.0204888987713 9.38144664346088 1000000
7250 725.481759451851 9.91620346673684 9.28381186473853 1000000
7260 705.193106711196 9.63888924619144 9.02418295942248 1000000
7270 672.708413450605 9.194874184848 8.60848431946917 1000000
7280 634.515414937683 8.67283549907171 8.11973789941843 1000000
7290 601.035284910381 8.2152143706034 7.69130089968558 1000000
7300 577.988677272862 7.90020321067518 7.39637912303218 1000000
7310 564.531859678951 7.71626951484139 7.22417553388287 1000000
7320 557.907017668215 7.62571826326605 7.13939905803079 1000000
7330 556.113123773078 7.60119853326573 7.11644303851579 1000000
7340 664.836451602873 9.08727675135294 8.50774875741181 1000000
7350 664.215613122941 9.07879085821121 8.49980403988999 1000000
7360 658.422761671568 8.99961161918003 8.42567434285177 1000000
7370 647.863509697939 8.85528312344202 8.29055018917268 1000000
7380 633.29926840219 8.65621267384669 8.10417517094404 1000000
7390 615.997576069871 8.41972554064048 7.88276966424157 1000000
7400 597.685404054217 8.16942672711509 7.64843329725073 1000000
7410 580.222325588976 7.93073369733064 7.42496257184896 1000000
7420 565.142792456762 7.72462001249394 7.23199349056793 1000000
7430 553.371897795189 7.5637302520982 7.08136424304519 1000000
7440 545.250395260416 7.45272198684384 6.9774353701142 1000000
7450 540.741637431306 7.39109430367581 6.9197379037289 1000000
7460 539.639983169599 7.37603640915708 6.9056403047577 1000000
7470 541.702512256567 7.40422796299833 6.93203398283366 1000000
7480 636.436628271065 8.69909548709845 8.14432319450927 1000000
7490 638.429834491462 8.72633950553877 8.16982976489054 1000000
7500 634.858388083151 8.67752340672724 8.12412684251134 1000000
7510 624.531171244472 8.53636646917057 7.99197198545595 1000000
7520 605.126123125205 8.27112974484844 7.74365035142674 1000000
7530 573.97339220864 7.84532053009082 7.34499650640003 1000000
7540 534.435373756387 7.30489752077854 6.83903819658309 1000000
7550 711.926425990411 9.73092321273753 9.11034759223238 1000000
7560 671.994648191244 9.18511812765276 8.59935044077799 1000000
7570 642.188874041573 8.77771970984132 8.21793327062404 1000000
7580 620.160530576375 8.47662663204828 7.93604197045233 1000000
7590 601.527613180231 8.22194372972602 7.69760110361688 1000000
7600 584.150103089134 7.98442028607832 7.47522537567957 1000000
7610 567.527123812471 7.75721010114509 7.26250519322786 1000000
7620 551.902619513781 7.54364751094326 7.06256224979888 1000000
7630 537.757742334486 7.35030911436129 6.8815537311538 1000000
7640 525.556171842924 7.18353268748121 6.72541323082807 1000000
7650 515.648696615473 7.04811296270234 6.59862970406413 1000000
7660 508.270210737771 6.94726057560025 6.50420903277533 1000000
7670 503.574032538957 6.88307114846609 6.44411319395781 1000000
7680 501.666939232987 6.85700415917839 6.41970858938924 1000000
7690 502.625020370893 6.87009963315461 6.43196891836319 1000000
7700 506.478484240821 6.92277047055071 6.48128074892253 1000000
7710 513.156720025869 7.01405153169471 6.56674049178855 1000000
7720 522.394343917986 7.14031543408784 6.68495209555985 1000000
7730 533.625251703816 7.29382441659429 6.82867126367878 1000000
7740 643.418455815245 8.79452617380526 8.23366792654111 1000000
7750 649.133770847478 8.87264561098994 8.30680540907004 1000000
7760 642.94851004887 8.78810274857508 8.22765414600864 1000000
7770 624.168165363836 8.53140474528833 7.98732668837203 1000000
7780 594.984365898367 8.13250775075783 7.61386877546684 1000000
7790 562.390796930879 7.68700452841226 7.19677687983714 1000000
7800 534.769431483542 7.30946356857912 6.84331305125789 1000000
7810 515.426006715796 7.04506913930303 6.59577999612062 1000000
7820 502.861955401061 6.87333816525681 6.43500091774234 1000000
7830 494.751542234303 6.76248147435718 6.33121395272979 1000000
7840 489.604064613775 6.69212348842492 6.26534294607203 1000000
7850 486.661941925957 6.65190926275155 6.22769332475375 1000000
7860 485.549382676625 6.63670231407029 6.21345617733467 1000000
7870 486.05370444182 6.64359560555725 6.21990985907974 1000000
7880 488.01364812324 6.67038497699919 6.24499077692052 1000000
7890 491.260639485551 6.7147662816756 6.28654172777681 1000000
7900 495.583863142263 6.77385800225112 6.34186495893348 1000000
7910 500.70709289685 6.84388455769713 6.40742567160716 1000000
7920 506.273435726604 6.91996777735955 6.47865679345523 1000000
7930 511.836559233677 6.99600699390499 6.54984671842178 1000000
7940 516.855252582631 7.06460469982524 6.6140697043914 1000000
7950 630.293989649402 8.61513520332637 8.06571735697631 1000000
7960 620.237252929919 8.47767530688853 7.93702376756418 1000000
7970 652.97784632274 8.92518812368245 8.35599709864904 1000000
7980 603.916551892747 8.25459679375449 7.72817176549009 1000000
7990 560.989262298311 7.6678477372164 7.17884178542414 1000000
8000 533.075330145043 7.28630784709204 6.82163405257665 1000000
8010 513.567732255433 7.01966942744822 6.57200011432718 1000000
8020 497.354798456136 6.79806392427466 6.3645271831237 1000000
8030 482.669465109973 6.59733833532611 6.17660257967157 1000000
8040 469.217939139684 6.41347696772913 6.00446670612987 1000000
8050 457.208121862032 6.24932150803361 5.85078002457932 1000000
8060 446.95068354074 6.10911833391345 5.7195181060702 1000000
8070 438.712163995438 5.9965106287416 5.61409179520009 1000000
8080 432.683656819638 5.91411034372123 5.53694646974403 1000000
8090 705.052050638821 9.63696122981381 9.02237789951402 1000000
8100 681.311687285629 9.31246751192572 8.71857830138477 1000000
8110 635.991047249537 8.69300508990675 8.13862120363152 1000000
8120 588.245997217737 8.04040476677447 7.52763952670739 1000000
8130 550.266095987364 7.52127878829155 7.04162006023514 1000000
8140 598.551096920117 8.18125939759389 7.65951135620254 1000000
8150 585.393691715201 17.9602212744174 8.91332007943497 1000000
8160 616.995422923789 8.43336454989631 7.89553886531506 1000000
8170 571.972036620522 7.81796512251165 7.31938565056189 1000000
8180 532.08751527431 7.27280595939047 6.80899322832766 1000000
8190 498.07137509048 6.80785840857849 6.37369703828994 1000000
8200 587.625406289451 8.03192225727741 7.51969797704318 1000000
8210 551.24900517524 7.53471362296428 7.05419810766567 1000000
8220 514.284768198653 7.02947018978758 6.58117584715627 1000000
8230 481.060086057969 6.57534063527803 6.15600775127899 1000000
8240 452.883822248679 6.19021508080995 5.79544302466983 1000000
8250 429.548489685364 5.87125750172948 5.49682650606485 1000000
8260 410.573955734033 5.61190523422372 5.25401405608907 1000000
8270 395.57809642605 5.40693523998311 5.06211572818267 1000000
8280 384.310914419982 5.25293044549545 4.91793236777794 1000000
8290 376.631505195988 5.14796490586975 4.81966085434696 1000000
8300 372.483210831739 5.091264195728 4.76657615037544 1000000
8310 371.858624453456 5.08272707466476 4.75858347191907 1000000
8320 374.735448461135 5.12204876928558 4.7953974820679 1000000
8330 380.970184002239 5.20726787422021 4.87518186125581 1000000
8340 390.164216340843 5.33293594810568 4.99283563462485 1000000
8350 401.565268108635 5.48877053331929 5.13873209348592 1000000
8360 414.088329453997 5.65994123845303 5.29898663329511 1000000
8370 426.471091918196 5.82919427683133 5.45744580278577 1000000
8380 437.468745670653 5.97951504071723 5.59818007633731 1000000
8390 445.980593726499 6.09585872007244 5.70710410501506 1000000
8400 451.094015568604 6.16575121666103 5.77253930824197 1000000
8410 452.107707185402 6.17960679909812 5.78551127085386 1000000
8420 448.604182685242 6.13171908677227 5.74067752844859 1000000
8430 440.607429462108 6.02241594992456 5.63834504181458 1000000
8440 428.78115976291 5.86076929918264 5.48700717353797 1000000
8450 414.489240552678 5.66542106751117 5.30411699414312 1000000
8460 399.505808784731 5.46062093834845 5.1123776984138 1000000
8470 385.450851055354 5.2685116003188 4.93251985688106 1000000
8480 373.368486658583 5.10336453472177 4.77790480766798 1000000
8490 363.707328505491 4.97131157994759 4.65427333999805 1000000
8500 356.547249138857 4.87344446900717 4.56264756318093 1000000
8510 351.823022383115 4.80887166187233 4.5021927938704 1000000
8520 349.450797218105 4.77644704595513 4.471836011159 1000000
8530 441.183604378647 6.03029136185656 5.64571821068705 1000000
8540 434.584773600681 5.94009564324013 5.56127459419121 1000000
8550 422.380083041367 5.77327656990304 5.40509416712488 1000000
8560 406.036776459017 5.54988907424457 5.19595288744209 1000000
8570 388.342443366452 5.30803515459997 4.96952285338098 1000000
8580 372.321951815025 5.08906003662992 4.76451255835102 1000000
8590 359.725658186121 4.91688836046628 4.60332088299848 1000000
8600 350.762357631078 4.79437402998267 4.48861972758557 1000000
8610 344.879116071875 4.71395929924002 4.41333333054131 1000000
8620 341.436312359798 4.66690154532656 4.36927661714539 1000000
8630 339.942147560521 4.64647864431019 4.35015615724315 1000000
8640 340.051020091524 4.64796676190281 4.3515493722784 1000000
8650 341.504358174109 4.66783162541606 4.37014738271601 1000000
8660 344.077568227851 4.70300339110572 4.40307611967756 1000000
8670 347.544299441795 4.7503881966285 4.44743902743721 1000000
8680 351.656492808716 4.80659546247591 4.50006175581396 1000000
8690 356.137270290408 4.86784069796081 4.55740116456659 1000000
8700 360.681832522455 4.92995777144075 4.6155568111011 1000000
8710 364.955292162553 4.98836929557076 4.67024322436145 1000000
8720 368.565086853823 5.0377095555641 4.71643688029762 1000000
8730 370.975618693746 5.07065776394604 4.74728386411801 1000000
8740 371.359651255137 5.07590688974003 4.75219823447045 1000000
8750 368.522902006584 5.03713295453591 4.71589705117 1000000
8760 361.246530872137 4.93767631661411 4.62278311716666 1000000
8770 349.238144145513 4.77354041031864 4.46911474202621 1000000
8780 334.065725003464 4.56615711868516 4.27495702129431 1000000
8790 318.742355517459 4.35671057142253 4.07886762609101 1000000
8800 305.874935050829 4.18083301450702 3.91420640719704 1000000
8810 296.4977101422 4.05266098407915 3.79420836350972 1000000
8820 290.511059434125 3.97083281165149 3.71759866498931 1000000
8830 287.489459623928 3.929532257747 3.6789319944591 1000000
8840 287.072963768752 3.9238394093891 3.67360219931053 1000000
8850 289.032960373126 3.95062950420524 3.69868379439335 1000000
8860 293.210976177449 4.0077364600496 3.75214883633257 1000000
8870 299.407343008632 4.09243112459771 3.8314422205647 1000000
8880 307.243848519534 4.19954392530138 3.93172405658931 1000000
8890 316.052270105187 4.31994130197715 4.04444326387619 1000000
8900 324.881198709091 4.44061897758923 4.15742489443819 1000000
8910 332.661566854425 4.5469644681134 4.25698835438549 1000000
8920 338.427967347271 4.62578216382081 4.33077956500499 1000000
8930 451.656843239514 6.17344419257495 5.7797416756908 1000000
8940 439.603058061874 6.00868776030279 5.6254923477246 1000000
8950 412.041037799258 5.63195795653085 5.27278794489638 1000000
8960 381.844659098674 5.21922058408489 4.88637230425445 1000000
8970 361.402435561806 4.93980729041743 4.62477819118314 1000000
8980 347.459533693862 4.74922958113947 4.44635430098319 1000000
8990 334.758696778912 4.57562896140557 4.28382481087967 1000000
9000 321.645112972502 4.39638673579714 4.11601350019533 1000000
9010 308.279148538787 4.21369486087801 3.94497253661942 1000000
9020 295.407620833159 4.03776116441515 3.78025875839692 1000000
9030 375.407125553369 5.13122954691887 4.8039927688231 1000000
9040 353.477794231502 4.83148981060707 4.52336850272777 1000000
9050 330.895655781852 4.52282721962761 4.234390424177 1000000
9060 311.02890310254 4.25127971450461 3.9801604703083 1000000
9070 294.483859960032 4.02513479489834 3.76843761742075 1000000
9080 280.758435291844 3.83752965954669 3.59279672952389 1000000
9090 269.354153730633 3.68165092809744 3.44685893978982 1000000
9100 259.97477269777 3.55344942681614 3.32683330471032 1000000
9110 252.459235086273 3.45072375639567 3.23065881605023 1000000
9120 246.715331865461 3.37221356328778 3.15715549749461 1000000
9130 242.686603567153 3.31714713467295 3.10560085109813 1000000
9140 240.336217161202 3.28502102051058 3.07552353362184 1000000
9150 239.632335394342 3.27540005523368 3.06651613155636 1000000
9160 240.525348128135 3.28760614567126 3.07794379614661 1000000
9170 242.912575341876 3.32023581618243 3.10849255639042 1000000
9180 246.593997625194 3.37055511357724 3.15560281302706 1000000
9190 251.234523360594 3.43398385838761 3.21498648094103 1000000
9200 256.356561422176 3.50399412524999 3.28053194381205 1000000
9210 261.377141809093 3.5726176240343 3.34477907774296 1000000
9220 265.676384400686 3.63138156087444 3.39979542910014 1000000
9230 268.664658284409 3.67222660137238 3.43803563593559 1000000
9240 269.826912453068 3.68811280204707 3.45290871703 1000000
9250 268.753543647326 3.67344152556919 3.43917308009061 1000000
9260 265.192697836024 3.62477032037551 3.39360581094734 1000000
9270 259.161430569045 3.54233230921611 3.31642516528246 1000000
9280 251.102852255227 3.43218411986283 3.21330151814999 1000000
9290 241.950920103549 3.3070914898312 3.09618649053135 1000000
9300 232.904433678803 3.18344013832839 2.98042082597803 1000000
9310 224.971560464158 3.07501014150576 2.87890579612086 1000000
9320 218.668313334988 2.98885459008127 2.79824469097001 1000000
9330 214.068900266093 2.92598779126171 2.73938713175019 1000000
9340 211.021051098662 2.8843284496085 2.70038455464348 1000000
9350 209.312875947164 2.86098036106128 2.67852545683445 1000000
9360 331.881754207899 4.536305646209 4.24700928350497 1000000
9370 324.325570453344 4.43302440644519 4.15031465613669 1000000
9380 306.120709335547 4.18419236542439 3.91735152034535 1000000
9390 285.209644759168 3.89837074641895 3.64975776365989 1000000
9400 269.013990767449 3.67700143124816 3.44250595790928 1000000
9410 256.818520858837 3.51030838981645 3.28644352524498 1000000
9420 245.842636569663 3.36028518052025 3.14598783016751 1000000
9430 234.99742690893 3.21204808946438 3.00720434621065 1000000
9440 224.346481764493 3.06646629117755 2.87090681754871 1000000
9450 214.332154620127 2.92958606744727 2.74275593305164 1000000
9460 205.342778892966 2.80671533005366 2.62772110006637 1000000
9470 197.577615549715 2.70057766544538 2.52835221223634 1000000
9480 191.083701318692 2.61181599229316 2.44525118701949 1000000
9490 185.830872002263 2.5400180130895 2.3780320205884 1000000
9500 181.763616822496 2.48442498213008 2.32598435515383 1000000
9510 178.824734442086 2.44425504640217 2.28837619925348 1000000
9520 176.961174193221 2.41878308606751 2.26452867652301 1000000
9530 176.119701347275 2.40728146546379 2.25376055521704 1000000
9540 176.235460602397 2.40886371382772 2.25524189796916 1000000
9550 177.214722193056 2.4222486915389 2.2677732679941 1000000
9560 178.914447821977 2.4454812882988 2.2895242393383 1000000
9570 181.124776386072 2.47569303033691 2.31780927101687 1000000
9580 183.563074264703 2.50902075713639 2.34901157001403 1000000
9590 185.885558622985 2.54076549385098 2.3787318318403 1000000
9600 187.714034622409 2.56575790724815 2.40213039004893 1000000
9610 188.667802048917 2.57879441952152 2.41433551751775 1000000
9620 188.39319918334 2.57504102689361 2.41082149210178 1000000
9630 186.597125324043 2.55049150018528 2.38783757612093 1000000
9640 183.108334726982 2.50280517732109 2.3431923798543 1000000
9650 177.990778243224 2.43285616663363 2.27770426663382 1000000
9660 171.67492666401 2.34652833204752 2.19688186543198 1000000
9670 164.954569103011 2.2546715319614 2.1108831005461 1000000
9680 158.713224134075 2.16936208646297 2.03101414213381 1000000
9690 153.55452255629 2.09885068655108 1.96499950525215 1000000
9700 149.670195879928 2.04575800275545 1.91529273094018 1000000
9710 146.969245488965 2.00884022600723 1.88072933226198 1000000
9720 244.747961014449 3.34532267402834 3.13197953598901 1000000
9730 232.362489329987 3.17603260483704 2.97348569727215 1000000
9740 216.152911482441 2.95447297228663 2.76605571135886 1000000
9750 202.362505949528 2.76597964992315 2.58958327929833 1000000
9760 191.096308076411 2.6119883069971 2.44541251260123 1000000
9770 180.540221264202 2.46770307407616 2.31032886271534 1000000
9780 170.162427104139 2.32585482346701 2.17752678010226 1000000
9790 160.273813753874 2.19069291111347 2.05098462414734 1000000
9800 151.277964612947 2.06773369225606 1.93586695247626 1000000
9810 143.367021309295 1.95960344309293 1.8346325543031 1000000
9820 136.551161377867 1.86644127464381 1.74741166904253 1000000
9830 130.762330713555 1.78731699349692 1.67333342502863 1000000
9840 125.916218013032 1.72107819571181 1.6113189112234 1000000
9850 121.933924228744 1.66664645443804 1.56035847589642 1000000
9860 118.74578304612 1.62306953987651 1.51956061633332 1000000
9870 116.289404839284 1.58949468320658 1.48812694781746 1000000
9880 114.505686640099 1.56511403908975 1.46530114418395 1000000
9890 113.333382400487 1.54909046962924 1.45029945480031 1000000
9900 112.702247211966 1.54046383655012 1.44222297282801 1000000
9910 112.525237005662 1.53804438327161 1.43995781669961 1000000
9920 112.69117866622 1.54031254680332 1.44208133136703 1000000
9930 113.060209089806 1.5453566167858 1.44680372304718 1000000
9940 113.464387925131 1.55088111070424 1.45197590031833 1000000
9950 113.714788826268 1.55430370024778 1.45518021914045 1000000
9960 113.614759909286 1.55293646105752 1.45390017366144 1000000
9970 112.978588697253 1.54424099339618 1.44575924693332 1000000
9980 199.204155591763 2.72280992944596 2.54916664560299 1000000
9990 188.269172002011 2.57334576888135 2.40923434672898 1000000
10000 169.699125101598 2.31952220812018 2.17159801818356 1000000
