# Fix print output for fix samp_out
0 0 2567803.59898116 34631.4858160105 15625
10 0 795953.109512669 -5716.79991899652 15625
20 0 736364.651625188 -5988.21236196564 15625
30 0 707012.941080149 -6127.12191382483 15625
40 0 688287.824688534 -6218.59076641141 15625
50 0 673961.053236667 -6285.15514179241 15625
60 6.13031521735925e-306 662628.681972807 -6336.3879092483 15625
70 3.20647529157782e-255 653402.083838489 -6377.35627115744 15625
80 2.35532196267089e-214 645674.634891381 -6411.08962137152 15625
90 7.5755813969475e-181 639448.374313994 -6439.50566978487 15625
100 4.85782778754389e-153 634109.306797092 -6463.8497616208 15625
110 9.08881933074781e-130 629303.356478355 -6485.02413122708 15625
120 3.56273541766365e-110 625176.307664744 -6503.65678446046 15625
130 1.31380955419509e-93 621340.578887548 -6520.20765568441 15625
140 1.47743697995548e-79 618057.509800404 -6535.02141563144 15625
150 1.30280745775883e-67 614820.904739577 -6548.3852759581 15625
160 1.93167157393101e-57 611916.972239806 -6560.51793359297 15625
170 9.04481144701755e-49 609451.523172812 -6571.57492164921 15625
180 2.26692278218081e-41 607073.665358036 -6581.68318872503 15625
190 4.7145655885186e-35 604962.836452935 -6590.95370558055 15625
200 1.18198747919692e-29 602976.227995155 -6599.47200457331 15625
210 4.88828769349373e-25 601165.368907482 -6607.31463265569 15625
220 4.36527249584333e-21 599482.659379286 -6614.55316019633 15625
230 1.05743032055396e-17 597854.559487858 -6621.24757901579 15625
240 8.43981911910968e-15 596369.644418943 -6627.4496394189 15625
250 2.62514506890555e-12 595063.996969416 -6633.19289131207 15625
260 3.68487863317013e-10 593868.843028503 -6638.51502086437 15625
270 2.65479352698158e-08 592698.602800128 -6643.45001516185 15625
280 1.09907890982839e-06 591576.730859141 -6648.03189098914 15625
290 2.89494025062678e-05 590599.378826598 -6652.28769968504 15625
300 0.000534595377115025 589684.06131797 -6656.23742986211 15625
310 0.0076697741621716 588810.775986928 -6659.90963085149 15625
320 0.101932552365952 587972.041706379 -6663.42499209754 15625
330 4.27309810750029 586847.240937337 -6667.79927851328 15625
340 24.7384508196267 579792.046750397 -6697.90038147705 15625
350 23.2919388036533 580614.734255907 -6694.64005929628 15625
360 4.16025861673586 590932.836039611 -6657.66580317307 15625
370 15.0239205266934 590820.481801983 -6661.902151664 15625
380 91.971698558403 585185.749624649 -6661.58061513311 15625
390 277.045888554443 591149.415296846 -6616.02580445748 15625
400 261.800414845622 597346.751492496 -6589.12030739886 15625
410 159.484248741437 596941.710087358 -6607.80414684712 15625
420 221.831980977457 591056.286216328 -6623.39603173128 15625
430 200.291857451439 589693.408071402 -6629.39136917193 15625
440 243.330228799871 603865.935503578 -6573.38851629886 15625
450 182.086903930164 595989.675823673 -6611.87186047721 15625
460 226.499029362667 593326.859817155 -6613.94617047036 15625
470 239.537954380847 592582.200813565 -6617.19132634554 15625
480 222.376962025353 594700.046419011 -6600.60160256626 15625
490 256.420742907409 608951.71612955 -6549.80779984514 15625
500 233.389319867653 589694.092094253 -6629.6302797965 15625
510 268.582944432347 597903.548638113 -6588.60249148851 15625
520 240.063965302 600396.885005617 -6587.27046148833 15625
530 286.150555685771 600734.739669523 -6570.04599651266 15625
540 255.722938625429 597609.557244634 -6596.00590254821 15625
550 268.228885618682 590402.995701567 -6612.50464018274 15625
560 273.212120817337 602508.367920662 -6566.59078635367 15625
570 284.698307784626 588498.504286374 -6612.82069748851 15625
580 305.887289279284 578793.530408792 -6634.32402017299 15625
590 280.459934707305 567368.219952348 -6664.29471049209 15625
600 262.548178819526 552483.290079035 -6702.57161195338 15625
610 301.460772709938 549552.024830224 -6701.12670953363 15625
620 294.079538703383 542172.982141677 -6717.90108430025 15625
630 303.67083234211 540459.904600837 -6716.48303934742 15625
640 323.193741726566 537515.338952095 -6719.20719137989 15625
650 323.797062700117 530202.664132963 -6743.36334476837 15625
660 324.814523400593 527276.392172793 -6751.56677852111 15625
670 333.341380426708 524795.535483721 -6757.4319661194 15625
680 351.074988665516 523714.108549224 -6759.5877785478 15625
690 351.957592350713 517843.760527047 -6777.89551019709 15625
700 337.478916178694 514547.970569077 -6789.04608675735 15625
710 344.08646956188 512504.611530553 -6792.89802814684 15625
720 351.144650653459 512227.030851112 -6792.00231356214 15625
730 359.332170450455 510156.273951803 -6797.47854872179 15625
740 368.76575367439 509543.115103508 -6798.55275199695 15625
750 368.261458229269 508733.176371727 -6802.25937279025 15625
760 388.365557504598 507420.200540587 -6804.66603575399 15625
770 389.546632092314 506003.567905377 -6809.76158405553 15625
780 383.530760158626 503212.584035621 -6819.33647643407 15625
790 400.842824225837 502182.023650245 -6820.35947610367 15625
800 397.762892905337 499619.350848802 -6829.79649545232 15625
810 401.517947461941 496229.622302583 -6840.591682087 15625
820 423.330713220576 496266.803152539 -6839.08555569629 15625
830 420.431202428143 496135.695008187 -6842.15139443919 15625
840 433.171457001804 495357.983229774 -6843.27332705096 15625
850 416.389926806262 493137.700893346 -6854.75854052736 15625
860 441.438080425562 494645.00605341 -6845.13533489026 15625
870 431.531033413176 493409.091566129 -6849.00578973677 15625
880 455.482556290825 494506.605683664 -6840.83268264062 15625
890 457.236613108144 494250.758959403 -6839.52886370059 15625
900 447.627890084033 494735.206353394 -6839.26531030046 15625
910 465.969553141904 493388.482307063 -6840.28076694643 15625
920 468.891761249192 491408.020053694 -6848.82330044422 15625
930 454.79290138751 492252.919697943 -6848.21454866218 15625
940 473.213080573693 491467.413886669 -6847.74556896572 15625
950 458.702258190124 490295.61283431 -6854.69020109818 15625
960 474.580072892965 489489.328144876 -6854.55771939613 15625
970 484.768292764593 488577.172206363 -6855.38254078983 15625
980 492.562766172383 487150.058344834 -6858.6211380425 15625
990 498.52916621772 486524.391840751 -6860.77149579768 15625
1000 515.970985492014 488634.932720132 -6850.78787468712 15625
1010 498.961163663599 485139.168861722 -6866.52706083614 15625
1020 511.02295572853 484440.522282322 -6866.40751075594 15625
1030 525.310313083503 485349.361334733 -6861.13064491664 15625
1040 537.394245350295 486197.740322397 -6855.26991502769 15625
1050 530.173194729147 486776.540656033 -6854.49644556952 15625
1060 544.45272502696 485102.478187455 -6857.68111392068 15625
1070 545.743776346861 483448.230967475 -6864.01505899131 15625
1080 535.557962258189 486540.6270094 -6854.32588169209 15625
1090 540.714911412499 484863.352924404 -6859.48272657204 15625
1100 543.465831395696 483958.030217246 -6862.15764302133 15625
1110 545.234693799937 486498.59695539 -6852.50956086256 15625
1120 581.846893543272 486205.4096187 -6847.33863018337 15625
1130 560.543533756668 485055.423186351 -6854.53599852779 15625
1140 578.913480824393 487388.801734765 -6844.12091256233 15625
1150 577.261740580255 487485.498851069 -6843.51719939801 15625
1160 586.36087527587 486785.592781124 -6843.34020388614 15625
1170 585.133107843611 485979.700762224 -6846.59712339542 15625
1180 598.15121125341 485478.030082634 -6847.14882516918 15625
1190 578.641079127406 485911.215992547 -6849.04612900231 15625
1200 592.532374657686 486156.290992094 -6847.05799400092 15625
1210 600.657242722848 484404.35008046 -6852.27830530757 15625
1220 614.547488649646 486528.143189714 -6842.15965570152 15625
1230 597.606420951348 488151.447981835 -6839.46275106215 15625
1240 628.48573899135 486749.725855262 -6840.80684643019 15625
1250 626.661778151858 488248.513652349 -6835.31039403898 15625
1260 622.86997666302 488615.944729228 -6833.88426912043 15625
1270 642.487663146392 488805.194859828 -6830.27106939739 15625
1280 650.975148194081 489794.732503811 -6824.66006059403 15625
1290 640.132728937876 489575.111339405 -6827.21668050638 15625
1300 664.63153470072 489317.149232087 -6825.47644724195 15625
1310 638.229251147028 490853.992486925 -6823.75424076229 15625
1320 677.151478520533 491855.482789676 -6813.38896087766 15625
1330 653.661723247936 490265.242411039 -6823.30219329191 15625
1340 689.656028380067 491388.339883401 -6813.86479221956 15625
1350 675.655408339919 491033.478386528 -6817.08788702219 15625
1360 689.464812178706 492196.695210188 -6810.97695792129 15625
1370 704.814262664071 493006.99414695 -6805.55741942094 15625
1380 711.59842788579 492582.372630912 -6806.07601021832 15625
1390 671.245652320526 490919.543327831 -6817.95982306352 15625
1400 713.882054312247 492671.634107276 -6804.46283212575 15625
1410 699.982502896001 491144.673794813 -6812.20167662566 15625
1420 712.651547413494 493019.39867071 -6803.54720589569 15625
1430 713.901542532364 494257.323550746 -6798.66901665472 15625
1440 720.168012581983 493165.023905289 -6802.14307777622 15625
1450 727.9405192545 494166.722550961 -6797.10955859423 15625
1460 717.791265058156 494078.705380577 -6800.12453333515 15625
1470 730.528588622604 493726.462555966 -6799.05008060475 15625
1480 748.775509215507 495618.264855701 -6789.1660822967 15625
1490 734.308217814879 495818.977824333 -6790.81829903229 15625
1500 744.699985961951 495700.971947771 -6789.28468568974 15625
1510 737.090273051517 496567.725665356 -6787.11301254431 15625
1520 790.657286537104 496781.092970344 -6776.94985149884 15625
1530 751.482042881397 496660.767010191 -6784.24439414484 15625
1540 757.694726724257 496236.027984576 -6784.99049758649 15625
1550 780.544931427692 498469.841948577 -6773.39900410813 15625
1560 778.932790172575 499670.00557508 -6768.39480232882 15625
1570 798.04817284495 499010.369410439 -6769.48795192969 15625
1580 772.418747240154 499856.051577426 -6769.97598339548 15625
1590 803.234386423142 498691.906168969 -6769.04325511751 15625
1600 780.174392252378 499339.407365309 -6769.81000630382 15625
1610 786.256181135723 500141.018404641 -6766.72510267081 15625
1620 816.296869915016 502929.376150983 -6751.14945865101 15625
1630 823.483327798273 500168.903454612 -6760.28118197109 15625
1640 826.843727872907 501755.811842073 -6754.65713444485 15625
1650 799.026505102072 502058.846942766 -6757.64156082724 15625
1660 841.719466171839 501009.890193221 -6753.54994328862 15625
1670 811.911746541113 502285.302268449 -6753.09265573412 15625
1680 871.165613850389 503647.566318526 -6738.03242275932 15625
1690 857.000487673324 502933.948159297 -6743.85143505279 15625
1700 871.227570418518 504764.648060871 -6734.04572413687 15625
1710 843.180507840369 503453.469420759 -6742.927198696 15625
1720 862.88900686597 504043.641368233 -6739.82136304702 15625
1730 861.91597221121 503653.000256633 -6741.96985444296 15625
1740 868.288297172829 505811.445832876 -6733.50518585001 15625
1750 853.826756766937 504764.434306649 -6738.66452041658 15625
1760 910.130778900605 508591.151072787 -6714.37970621541 15625
1770 868.86962911085 504827.643230629 -6736.10633888372 15625
1780 908.938415150018 506891.396134016 -6721.06802631943 15625
1790 891.625075911848 506902.057088577 -6723.306673775 15625
1800 887.374560165361 508119.840362476 -6720.59085712294 15625
1810 915.184126735022 507727.837069293 -6716.62550334224 15625
1820 906.991004438736 508004.314601235 -6717.55014529365 15625
1830 925.101357524551 509450.659906871 -6710.00423985758 15625
1840 915.752500066804 508549.451187058 -6713.96419285231 15625
1850 933.593764948256 507729.03327357 -6714.75640320022 15625
1860 953.235477022801 510932.315948285 -6699.41120691653 15625
1870 961.044080370438 510989.864761566 -6697.81123792006 15625
1880 965.989755910404 512282.168860174 -6691.98176612828 15625
1890 950.108760684706 509602.600457369 -6704.23493935742 15625
1900 953.2983688171 510254.683872044 -6701.14593453932 15625
1910 962.054521017523 512122.602578253 -6692.67330511543 15625
1920 955.152259703639 509948.40711616 -6701.72245310541 15625
1930 984.828613058224 513205.359725872 -6684.54055468713 15625
1940 951.814425150925 512518.357683845 -6692.94335246546 15625
1950 1008.50287286451 513962.324233469 -6678.40167148371 15625
1960 933.674140448298 512054.14993225 -6697.67508261566 15625
1970 1012.76018696733 513632.715663505 -6679.41838158326 15625
1980 978.988930946115 513897.359901107 -6684.53134594761 15625
1990 988.460833122072 513887.954753431 -6682.74093220498 15625
2000 979.02933793052 514274.078918756 -6682.8967140758 15625
2010 1008.87476771756 515345.570528518 -6673.73749682156 15625
2020 1048.86926798771 517658.408472641 -6658.60718962686 15625
2030 1024.13260458401 515459.213892348 -6670.60147138986 15625
2040 1037.07370204118 516960.970072304 -6662.72020477854 15625
2050 1020.6111092281 515843.842205257 -6669.68170034938 15625
2060 1025.10388971221 516064.914264738 -6667.69545236103 15625
2070 1014.47618130348 516059.474999072 -6669.78204186859 15625
2080 1001.64948630475 518612.154405017 -6662.57007726176 15625
2090 1063.15996031572 516532.724947855 -6659.37463749915 15625
2100 1036.76121369896 519695.587601394 -6652.70899917465 15625
2110 1057.67006012937 517985.045305338 -6656.59939769934 15625
2120 1094.21070124746 521710.902274003 -6637.60918649482 15625
2130 1086.02485126388 521761.077517971 -6637.77988073272 15625
2140 1055.37794256185 520842.950667669 -6646.0048388554 15625
2150 1090.44950133417 518573.874964198 -6648.59402486301 15625
2160 1085.50081139591 521682.129262712 -6638.87837262864 15625
2170 1093.25313699172 522302.659826721 -6635.05041992246 15625
2180 1043.87962995907 521931.649419636 -6644.13601668401 15625
2190 1121.56144437689 520787.832737886 -6636.35431593624 15625
2200 1084.54158056444 523296.788589848 -6633.32868363937 15625
2210 1116.6131179208 523063.279476093 -6629.40083446351 15625
2220 1124.11093401585 525812.070476582 -6617.56062648503 15625
2230 1107.44370497736 524694.172594634 -6623.9067262779 15625
2240 1115.81792333582 522478.399805998 -6629.83748507764 15625
2250 1129.49572613543 525274.562630947 -6617.04212667895 15625
2260 1154.18380697758 524939.245249272 -6614.13733692304 15625
2270 1145.69224245769 525325.090560179 -6614.7294623068 15625
2280 1156.40705324655 525376.03835567 -6612.53378800063 15625
2290 1134.82792004689 526760.179366263 -6610.2157910454 15625
2300 1144.92003880658 526412.521361147 -6610.7726399277 15625
2310 1157.65792512552 525526.237347247 -6610.54415751458 15625
2320 1192.69850295137 528312.746310398 -6595.18348238582 15625
2330 1166.27256807288 527536.28297137 -6604.27018047097 15625
2340 1180.26005900959 530501.782984276 -6591.03291079793 15625
2350 1205.36842642251 528609.232701613 -6593.39128346443 15625
2360 1144.24043563565 526711.110910353 -6610.29244265866 15625
2370 1246.20663969965 530690.546443376 -6578.04458780835 15625
2380 1167.31308812177 529792.529741401 -6595.61369738001 15625
2390 1237.79253319126 529165.527831061 -6586.25816527979 15625
2400 1149.37041904693 527836.731628985 -6605.3380914062 15625
2410 1208.82934566418 533226.881253303 -6576.77058401838 15625
2420 1238.36166071148 530909.955966257 -6579.4097168835 15625
2430 1201.91532726896 532665.725833284 -6578.87331566866 15625
2440 1284.62262943918 531036.832331592 -6570.69455803722 15625
2450 1198.4376033906 532658.526604092 -6581.26376374251 15625
2460 1247.32499289696 532573.750079174 -6571.19835622702 15625
2470 1224.29167362294 537148.817184412 -6558.12677999544 15625
2480 1268.13779078457 533064.121632566 -6564.62345003891 15625
2490 1242.3776171919 532288.273129319 -6571.67818852489 15625
2500 1247.01160436339 535717.591147737 -6558.97802569705 15625
2510 1280.7919106146 533057.958781312 -6563.83931703372 15625
2520 1273.9550931614 535074.926319551 -6557.48357366887 15625
2530 1284.02533065827 536176.715375998 -6552.40002111473 15625
2540 1246.94291915155 532185.279830807 -6573.70601571577 15625
2550 1313.89843707474 536166.804446368 -6547.2817304383 15625
2560 1245.98021904511 535874.482872272 -6558.37087937473 15625
2570 1259.19857935075 534188.468970375 -6563.0271729536 15625
2580 1303.36299795798 537552.946351909 -6542.33124956887 15625
2590 1335.92121758889 538727.561366753 -6531.17606019156 15625
2600 1302.95981529555 534468.614603772 -6554.17401104603 15625
2610 1285.26731634505 540670.036925322 -6534.63319216396 15625
2620 1328.34395783936 535043.628341443 -6547.64950857634 15625
2630 1323.31295081641 539560.277890307 -6532.91064174316 15625
2640 1332.09964609327 538398.284887743 -6534.7837971356 15625
2650 1331.5728508039 538543.819050679 -6536.045722977 15625
2660 1389.67205910628 541326.182964704 -6515.24269098636 15625
2670 1278.44004315578 539168.255488853 -6541.42173890335 15625
2680 1323.47486349438 540289.47511818 -6529.69947409969 15625
2690 1342.66947577759 541528.243177806 -6520.76365709195 15625
2700 1327.90781295218 539904.672641364 -6530.01159596125 15625
2710 1347.47704760716 541552.333752372 -6520.41356920466 15625
2720 1336.58550818578 543386.243084832 -6514.68229189138 15625
2730 1337.32910622831 538878.78587418 -6531.2324548784 15625
2740 1378.46411557446 543502.951246014 -6509.65111528398 15625
2750 1355.24645482189 544002.297384652 -6510.97005120601 15625
2760 1383.77286777604 543208.841095592 -6507.39892765456 15625
2770 1412.51415908568 543847.885111249 -6502.56397295001 15625
2780 1401.43003650938 544942.807981373 -6499.71103839918 15625
2790 1367.64898062364 544214.943723121 -6509.09371463868 15625
2800 1432.15841367504 545778.727497759 -6490.7306191957 15625
2810 1434.00411067478 544385.309534299 -6497.74938686813 15625
2820 1455.86845288487 547665.852152011 -6480.68206541837 15625
2830 1411.16936972404 548226.978013425 -6486.1160742973 15625
2840 1492.95483891565 544468.012439629 -6484.96732014857 15625
2850 1420.42844946416 547437.257605576 -6486.37393854932 15625
2860 1426.00720723832 547633.041585783 -6485.03043927137 15625
2870 1435.45928016478 546440.696715479 -6488.86703128787 15625
2880 1440.81279723906 550092.703886669 -6473.49559256555 15625
2890 1406.12879861914 548715.57895214 -6485.29457030584 15625
2900 1464.94989972246 549409.530801944 -6473.13135766244 15625
2910 1424.9856634829 547809.019808314 -6486.31626599405 15625
2920 1422.70227841157 547853.642930683 -6484.83775345985 15625
2930 1409.70167739786 548910.160602381 -6484.6579611352 15625
2940 1461.27140202431 548497.275954162 -6476.32397305604 15625
2950 1438.31725391409 549869.503881609 -6475.44261262851 15625
2960 1517.16918654246 551023.918581478 -6458.00934773575 15625
2970 1466.55282371669 553913.331002932 -6455.91806253949 15625
2980 1471.34068524696 550355.844898125 -6468.2206039576 15625
2990 1438.16754265159 551307.098842483 -6469.25223370211 15625
3000 1454.67460081986 550348.929042516 -6471.3096903463 15625
3010 1500.46594874814 555100.324688183 -6445.98219763973 15625
3020 1493.70373025764 551918.386591503 -6458.56647606681 15625
3030 1450.05905095122 553542.147800683 -6458.86658089382 15625
3040 1580.81086893718 553393.192553633 -6439.27909001232 15625
3050 1536.02224840252 558541.575664996 -6426.59341334099 15625
3060 1498.57567639676 553302.811337384 -6454.19205471991 15625
3070 1515.86558824759 553874.700903594 -6450.33989706534 15625
3080 1517.41598317103 555989.492583724 -6439.61193292319 15625
3090 1469.36462414397 555061.285082686 -6450.38404449853 15625
3100 1536.34105580129 555629.232828146 -6438.62745748908 15625
3110 1601.63267530919 558556.079206629 -6416.04688754182 15625
3120 1537.51347453063 560435.768418307 -6420.21102980437 15625
3130 1575.14733950736 556370.956137668 -6429.67092814979 15625
3140 1572.07768153569 557167.099567611 -6426.24968175301 15625
3150 1563.23180415709 558097.950767911 -6422.37907091303 15625
3160 1563.8460534338 556699.545581356 -6429.38707090212 15625
3170 1605.33115703687 560992.658236105 -6405.33265349551 15625
3180 1530.33723915891 558641.486878529 -6426.00065032747 15625
3190 1618.00883666825 561081.0638748 -6403.01180769521 15625
3200 1573.172350723 557217.809939411 -6425.75626003619 15625
3210 1630.66137694403 564337.405900158 -6390.30598279458 15625
3220 1627.85870788144 559111.604818682 -6410.69824427368 15625
3230 1630.04574317728 562939.876936411 -6394.8911256332 15625
3240 1637.41006288545 560340.898519031 -6404.28930043892 15625
3250 1587.10882465924 559918.902618874 -6414.10362768868 15625
3260 1700.78652589876 564972.182875446 -6378.48619809543 15625
3270 1629.98868241008 561962.790493631 -6399.27936430995 15625
3280 1613.62940763101 559826.54370714 -6408.74710019723 15625
3290 1644.42408165428 563558.024266598 -6390.77915736372 15625
3300 1567.99857947891 562737.417510175 -6407.24308351916 15625
3310 1681.49427460785 563709.927977761 -6383.33788253076 15625
3320 1671.48589747729 567256.412298673 -6371.13539008752 15625
3330 1667.34558245849 560730.968797887 -6398.3490953889 15625
3340 1619.79437595992 564777.279109041 -6389.63765059758 15625
3350 1660.77653598989 563122.765756194 -6389.46351402014 15625
3360 1695.32626927404 564567.286194624 -6379.32880188622 15625
3370 1682.37070197581 565847.667584677 -6376.18054499565 15625
3380 1715.77395164085 564690.625856457 -6374.91338082945 15625
3390 1720.12411877203 567610.501336212 -6362.98092391891 15625
3400 1691.2695253025 567121.577320419 -6367.4284731791 15625
3410 1716.55837249152 564815.323544459 -6373.72337546875 15625
3420 1732.98599221004 570158.026049261 -6350.79722844373 15625
3430 1727.00292432429 566693.783229557 -6365.78818485182 15625
3440 1723.77430196432 568719.824761719 -6356.62186389717 15625
3450 1700.61068575827 569844.786585933 -6356.31058103957 15625
3460 1753.68754588477 567893.413081605 -6355.03106053723 15625
3470 1700.70314487699 569634.735018601 -6355.77433448795 15625
3480 1746.92259131828 567915.163370978 -6357.91651629854 15625
3490 1725.74343240592 567507.244531537 -6362.4525405728 15625
3500 1802.52974281746 573194.167721021 -6329.07431782219 15625
3510 1711.9504264167 570445.547469566 -6353.84027668937 15625
3520 1794.3070422612 573109.340052777 -6330.49749181257 15625
3530 1745.06544598641 567942.318829159 -6357.61072402216 15625
3540 1785.35545579982 572137.03255175 -6335.4915940279 15625
3550 1785.97268883628 574521.785875367 -6326.76205914142 15625
3560 1802.36611087474 573537.305077476 -6326.88923323536 15625
3570 1836.52436145896 569933.670323005 -6335.01347860306 15625
3580 1792.91841748643 575866.474553247 -6320.41198630442 15625
3590 1786.78738798822 572608.924915151 -6334.03942158135 15625
3600 1866.56978936949 574270.99901428 -6314.34716441914 15625
3610 1834.86147769841 576941.329293265 -6311.62184660782 15625
3620 1836.39405543366 576047.508040827 -6313.85101282444 15625
3630 1822.76108101982 572753.12532511 -6326.7173433667 15625
3640 1819.90838461263 580324.135029698 -6297.09322986584 15625
3650 1800.63318414864 576258.4264755 -6317.57906102926 15625
3660 1849.53582904122 575797.411465999 -6310.67301050206 15625
3670 1825.93733538002 575186.098917826 -6316.72275290775 15625
3680 1857.38907338865 578269.924791895 -6300.47283834997 15625
3690 1844.20957313756 578268.431072762 -6302.26661101918 15625
3700 1846.87252462484 579263.658503109 -6296.7201113285 15625
3710 1846.97016885791 577510.295496347 -6304.31423909429 15625
3720 1902.28617170166 581979.69086485 -6280.44664884806 15625
3730 1893.33581076536 581037.43245767 -6283.62184503511 15625
3740 1843.28153587474 578163.862463116 -6304.33926608917 15625
3750 1952.70064040436 582204.221437596 -6270.48931627825 15625
3760 1871.43765720669 578972.580239484 -6295.61366467326 15625
3770 1880.99435792651 580086.465187242 -6291.74699557596 15625
3780 1908.04454343087 581587.849504343 -6280.8053216457 15625
3790 1898.61474980592 585206.892160292 -6268.21118351415 15625
3800 1868.84989072439 577904.49843298 -6298.6867744147 15625
3810 1949.01127492209 585628.761860153 -6258.14789633229 15625
3820 1878.69797956614 584500.027392378 -6273.84939844205 15625
3830 1940.75535866882 582820.612340857 -6269.52707473794 15625
3840 1962.40116502531 585425.72213139 -6257.20817915212 15625
3850 1890.62271334589 586071.161577015 -6265.05898699727 15625
3860 1923.48494519277 582422.853141482 -6272.42776645481 15625
3870 1957.70221060176 584756.498552508 -6258.15727371552 15625
3880 1943.47582537399 585993.916131166 -6256.69500787233 15625
3890 1899.81882236583 589526.984260964 -6251.89914615251 15625
3900 1964.60018582492 586424.388388976 -6252.7373322168 15625
3910 1861.47057546357 580841.525681335 -6290.09043115775 15625
3920 1972.74380550053 587024.98204297 -6249.75228395927 15625
3930 1961.4577480965 589345.162751438 -6243.73553198156 15625
3940 2006.1869116409 588380.54757121 -6238.08671594996 15625
3950 1931.23516864633 585022.617744588 -6262.48686996626 15625
3960 2029.89651842564 592952.038894812 -6216.76911246502 15625
3970 1976.32820586219 586789.361314024 -6249.64752568675 15625
3980 2000.97127480279 594240.789648915 -6216.94144333346 15625
3990 2099.50414143893 585486.466598484 -6233.59756963321 15625
4000 2013.16884389059 591429.495416535 -6224.42155061815 15625
4010 1981.09684018956 590944.850529375 -6233.1441171494 15625
4020 1962.21961533918 590138.071008572 -6238.35617855246 15625
4030 2030.66920291218 591405.897076095 -6223.79962585257 15625
4040 1996.10373912145 590977.656740028 -6229.00180665911 15625
4050 2031.66656569407 587936.533208783 -6236.56690588913 15625
4060 2042.59186619112 591752.486058787 -6219.15027582955 15625
4070 2010.15093398341 590553.068368066 -6228.42565445976 15625
4080 2030.3740856999 600220.322580715 -6190.59500807368 15625
4090 1985.58363152697 588698.045960299 -6239.56606706648 15625
4100 2101.12184385172 595748.786504875 -6191.63466552784 15625
4110 1998.76666790495 592537.127779581 -6222.28686728334 15625
4120 2091.26385310793 594668.92270794 -6199.05956295913 15625
4130 2157.55852300272 593940.674156618 -6190.07618758076 15625
4140 2132.49124234127 600561.188753423 -6169.95123490713 15625
4150 2041.81393230809 594936.283540078 -6207.4538695937 15625
4160 2155.55058470695 594136.073363689 -6191.00690391393 15625
4170 2029.66711222169 600674.221668794 -6188.85021252798 15625
4180 2127.3668038543 595567.09477673 -6191.66514265693 15625
4190 2065.78158893635 597781.920620797 -6194.9787118366 15625
4200 2094.92568682538 599862.383391973 -6179.10539654947 15625
4210 2119.14495175229 592748.007478869 -6202.64899546495 15625
4220 2182.78610253767 603860.915780962 -6150.78385195482 15625
4230 2105.56916458569 598423.77928516 -6185.39745054134 15625
4240 2140.08331998762 599873.294914605 -6173.17080264237 15625
4250 2185.88188170566 595524.826915256 -6181.41870398292 15625
4260 2097.82051194449 600066.554856761 -6179.23120675606 15625
4270 2151.76998864719 599963.038259031 -6170.04380294314 15625
4280 2088.54736671484 598708.788792905 -6185.07035036902 15625
4290 2217.39869690035 601640.036422051 -6154.81876758993 15625
4300 2184.70474135836 604268.924806159 -6147.37032411759 15625
4310 2121.47363197774 598653.541671312 -6178.61824141536 15625
4320 2207.94878994445 602978.274875705 -6148.92242002048 15625
4330 2152.79501773349 602118.761523324 -6162.56954358358 15625
4340 2254.1331107459 605333.379425745 -6132.49423326923 15625
4350 2160.16553879012 602909.869368735 -6156.29705364617 15625
4360 2219.28654908632 601919.738824892 -6151.13052329245 15625
4370 2199.65003085041 602585.844532948 -6152.6643159706 15625
4380 2221.05310321877 606937.070227647 -6133.07971537397 15625
4390 2101.45900893217 599558.830526909 -6179.24755320717 15625
4400 2220.78625968077 607064.147183382 -6132.28688332146 15625
4410 2186.76493515426 604408.476134836 -6149.38900505544 15625
4420 2203.03139676386 602380.612885327 -6155.07902713394 15625
4430 2231.81602007015 604331.393271537 -6140.4235699112 15625
4440 2289.51626239651 611990.089961974 -6102.58786537869 15625
4450 2217.59889849537 607621.77886344 -6128.52003568316 15625
4460 2125.29350613534 607982.800070607 -6144.26019493116 15625
4470 2269.52149575521 606265.674057299 -6127.27926168803 15625
4480 2239.19986503007 610916.679086824 -6114.12339722142 15625
4490 2263.11345832884 607957.694693157 -6121.37510826865 15625
4500 2291.53414621918 609881.944359401 -6110.41057335504 15625
4510 2231.74754543782 609037.700705279 -6124.83169779943 15625
4520 2210.84436603063 608366.527545429 -6127.96010455384 15625
4530 2287.32337468317 608976.354271723 -6112.99878536218 15625
4540 2213.21183201715 612133.617633683 -6115.93582387989 15625
4550 2319.17172960624 606418.004143729 -6116.48999102293 15625
4560 2203.03121965141 610846.027584331 -6119.16418556194 15625
4570 2295.99506765464 609748.840235339 -6108.7984492862 15625
4580 2269.12183350516 609641.433277525 -6116.63265182053 15625
4590 2283.3971132133 611813.500525652 -6102.86070794717 15625
4600 2355.91604474671 614530.047710033 -6081.79185336992 15625
4610 2433.17433370228 616347.641854614 -6061.63219158539 15625
4620 2322.15303241451 607971.235455342 -6110.6736137315 15625
4630 2312.54619385733 612349.508620313 -6096.38857413567 15625
4640 2318.34232287794 620352.528138792 -6065.68123775093 15625
4650 2306.1427350837 613538.365190338 -6092.20298386067 15625
4660 2292.90413515804 610531.370917904 -6106.1605370517 15625
4670 2287.39092411026 613793.753429372 -6095.89639476733 15625
4680 2390.63476499385 612603.767912627 -6083.83469459144 15625
4690 2358.67922994993 617366.645429208 -6071.98004762796 15625
4700 2375.76167401454 615977.496713453 -6074.14281773036 15625
4710 2297.51505988428 614472.249918965 -6091.49891209226 15625
4720 2235.22666286783 612209.484047612 -6110.48279181248 15625
4730 2451.09369357316 618239.407054468 -6050.08724110969 15625
4740 2266.92130951803 616367.762941883 -6089.1545060218 15625
4750 2397.48036733768 618736.710242595 -6059.74011941536 15625
4760 2380.50855092161 618856.295341715 -6060.26286495328 15625
4770 2352.13795628662 616367.963022916 -6074.94268369639 15625
4780 2407.54455938656 615414.470120434 -6071.20251226962 15625
4790 2351.61979505524 619015.71952876 -6067.59759170397 15625
4800 2449.07353021715 623284.222083998 -6032.83198490994 15625
4810 2368.72334789114 615621.595255677 -6072.99259841885 15625
4820 2291.70149633245 619044.884521304 -6074.10333033945 15625
4830 2493.03880209907 620302.323933064 -6037.57963104647 15625
4840 2394.29901461769 621775.881850496 -6047.89404647732 15625
4850 2402.18130512992 621558.415489358 -6047.29428227806 15625
4860 2503.57568276241 623864.763592987 -6020.25646618049 15625
4870 2483.09184137392 625881.90630455 -6015.38351318963 15625
4880 2458.85083119262 622062.922033661 -6036.19145692858 15625
4890 2526.30598613987 628904.586999582 -6000.28557860019 15625
4900 2439.09005612106 620447.71748099 -6044.13607946037 15625
4910 2478.04751487427 627184.579795434 -6012.6480284453 15625
4920 2433.65205875157 621039.038190737 -6046.79952939545 15625
4930 2498.00514136065 622139.436062764 -6030.70367441202 15625
4940 2427.99380449426 632238.134747645 -6002.21347035653 15625
4950 2568.48854133119 624507.590881474 -6010.64673130035 15625
4960 2452.85254749443 628392.980137125 -6013.18940388994 15625
4970 2524.19630018823 628428.362353554 -5999.94160439596 15625
4980 2471.20415393695 620241.149282559 -6040.11895882169 15625
4990 2478.01647660543 622502.641264348 -6030.11812726076 15625
5000 2592.53646179491 634634.261041402 -5963.82436751842 15625
5010 2455.1993217947 625763.245369521 -6023.24023061244 15625
5020 2539.51675026624 625067.483840313 -6010.16301087004 15625
5030 2485.54948139835 631641.552952326 -5995.11843678439 15625
5040 2520.48565930997 622778.752659947 -6022.02238562397 15625
5050 2525.1550904524 624458.341214216 -6014.84393797984 15625
5060 2517.56147279301 627946.47259744 -6003.57302525323 15625
5070 2551.15691651046 629878.849488089 -5992.28584800005 15625
5080 2541.45157070034 632303.099314639 -5985.37361580262 15625
5090 2464.59921556066 620234.15730284 -6039.96667887988 15625
5100 2540.33276140701 629797.83404736 -5993.62974369246 15625
5110 2581.36366352919 634761.587844465 -5967.30461603876 15625
5120 2466.4593716133 625097.626720056 -6024.52162337793 15625
5130 2530.36627321579 633295.701481508 -5981.12196856875 15625
5140 2589.72147521928 636124.027716157 -5963.58716681676 15625
5150 2560.60971731914 630892.374133659 -5987.06569902809 15625
5160 2586.24395370773 629658.684461338 -5988.06964153321 15625
5170 2642.32611098699 634820.658441781 -5960.71169668875 15625
5180 2624.60028041696 633771.10491522 -5966.75385304195 15625
5190 2537.6792278056 632730.679548006 -5982.63957292358 15625
5200 2622.08831475568 639184.548565511 -5946.26001317604 15625
5210 2595.87976596104 639488.315322141 -5949.88625659554 15625
5220 2534.38382419567 631540.561324975 -5989.86518366414 15625
5230 2624.18926553392 631211.115628647 -5976.00524675432 15625
5240 2581.93243099471 636480.859126082 -5962.09358688512 15625
5250 2686.23812545344 640742.44855943 -5928.73937402864 15625
5260 2538.15206448255 633640.55792686 -5980.07352490031 15625
5270 2612.29581680135 634127.627185893 -5964.06107023891 15625
5280 2564.09333056763 637006.659886843 -5960.47704828041 15625
5290 2644.52222201844 637609.584577655 -5949.09102910096 15625
5300 2583.12689672814 641664.031674259 -5941.19285470693 15625
5310 2666.35979738183 635497.28732186 -5950.76727658573 15625
5320 2610.99036782352 647525.962088342 -5915.3241360053 15625
5330 2647.18856910729 638395.60250643 -5941.4700429339 15625
5340 2703.03661168741 636008.985622428 -5941.94919888663 15625
5350 2730.24241240669 639246.109824182 -5925.20382313205 15625
5360 2669.97261096444 646786.858618778 -5907.22003237036 15625
5370 2706.37818326306 637572.770125037 -5934.89079697553 15625
5380 2668.72569932483 642093.280154655 -5923.59121256934 15625
5390 2754.43400795257 637537.276332543 -5928.23550970001 15625
5400 2651.55950587727 647811.86530077 -5906.08330167043 15625
5410 2762.44733772634 646656.259611606 -5892.51850150002 15625
5420 2660.77984523561 641768.433667658 -5928.91348948491 15625
5430 2713.50753125889 640360.61784837 -5924.3813496633 15625
5440 2715.77949669382 643483.802062588 -5913.77370413426 15625
5450 2728.66004507393 644853.191292348 -5907.47206158131 15625
5460 2710.9810218028 646114.891762118 -5905.09217626107 15625
5470 2771.52277194905 643467.340593942 -5906.86529531423 15625
5480 2674.0121927735 646786.092205846 -5906.77337138197 15625
5490 2775.43955954787 645335.203250457 -5895.87655357443 15625
5500 2755.57136226407 643422.603886079 -5906.21631367817 15625
5510 2770.06449034293 643600.981111338 -5904.32425330907 15625
5520 2662.51215827536 645306.540473922 -5913.29002968666 15625
5530 2713.76550152721 641198.38974975 -5923.78922990505 15625
5540 2715.81208826387 649413.318456999 -5889.30785745372 15625
5550 2735.54036812472 649077.846325762 -5886.09354364871 15625
5560 2796.23126695012 639005.049401115 -5916.10768591432 15625
5570 2780.89236771191 645989.684808881 -5891.05388951882 15625
5580 2706.54232088649 665105.33903948 -5832.64055628926 15625
5590 2788.49359357006 648567.697970213 -5880.8196949296 15625
5600 2830.7348633098 643865.089369038 -5890.84084545501 15625
5610 2852.59975177623 648685.882691069 -5869.2710204161 15625
5620 2789.13024974675 655291.302363357 -5855.41390587508 15625
5630 2876.35087547698 653121.290423602 -5849.17936379973 15625
5640 2950.33505488644 647803.895210535 -5859.86772190683 15625
5650 2867.21123715762 656087.168315987 -5841.49047098482 15625
5660 2823.18053807031 650169.995627618 -5870.89451514149 15625
5670 2881.23749211355 651664.12343626 -5856.71443695402 15625
5680 2909.67977891191 654714.08039676 -5841.59222242964 15625
5690 2905.33492532301 658762.280609996 -5827.0184375417 15625
5700 2880.62807022623 650607.013960498 -5861.0332202739 15625
5710 2823.19701257185 657641.755564424 -5845.85639754979 15625
5720 2926.59928874557 649946.431849781 -5856.20069576617 15625
5730 2806.23555274615 657094.071249524 -5846.41013263824 15625
5740 2930.06643125531 657048.946094005 -5826.66898609441 15625
5750 2921.61309746156 658113.042167132 -5823.90455360968 15625
5760 2807.02765973858 653588.427618401 -5860.205188995 15625
5770 2950.50911801686 654008.390457691 -5832.92413155077 15625
5780 2808.26174025485 658100.426780811 -5843.88621683378 15625
5790 2931.5977407606 659047.551005089 -5817.8138638462 15625
5800 2974.54806573516 658758.542325775 -5816.03606576007 15625
5810 2973.74635928525 657144.921281238 -5820.20453440696 15625
5820 2941.23643748439 660545.645917214 -5810.69266433301 15625
5830 2912.44484945749 659888.642548127 -5819.76500232942 15625
5840 2966.05446652985 657898.475272438 -5818.08122104423 15625
5850 2949.1354280475 662408.584019064 -5807.01581349193 15625
5860 2937.36781132086 661152.089518417 -5810.3980532751 15625
5870 2939.15314295892 659801.002685874 -5815.41124250452 15625
5880 2911.94374587366 661246.560988222 -5812.02395675347 15625
5890 3023.77692268476 656514.305042589 -5813.06072895875 15625
5900 2929.89913438603 666867.588621946 -5787.609148412 15625
5910 2937.97645426158 653046.318522612 -5839.3819419664 15625
5920 2941.19072450245 663942.573239235 -5798.65267165772 15625
5930 2987.7684483326 657858.814277056 -5815.9909519359 15625
5940 2952.84778584852 659935.502591516 -5812.18271579464 15625
5950 2931.33950421953 659682.896461705 -5814.97144933001 15625
5960 3011.73022518535 662746.829375925 -5792.24043627665 15625
5970 2971.57891863861 663194.059310167 -5794.37225339554 15625
5980 2966.66362712923 668360.512859056 -5778.88612285327 15625
5990 2993.57603800669 669987.102007603 -5767.14593949686 15625
6000 3021.83505431771 666445.301843404 -5774.28583971285 15625
6010 2972.6963401788 662185.92640689 -5800.5694363331 15625
6020 2990.35210130853 670114.768523094 -5763.52181421261 15625
6030 2927.40038852041 659070.792563655 -5815.48009377785 15625
6040 3016.08473984225 666145.998623383 -5776.03234728665 15625
6050 3103.52110709571 671814.273046653 -5739.91008679894 15625
6060 3014.53972813931 665455.19802456 -5781.20145408137 15625
6070 3053.8113074299 662281.950862821 -5785.99418319412 15625
6080 3086.8244255601 671744.982437369 -5746.53698836737 15625
6090 3031.38188011444 668767.974902852 -5766.34841926332 15625
6100 2996.61713621461 669320.880437153 -5771.63020553621 15625
6110 2995.79561208166 664100.395267516 -5790.04000682369 15625
6120 2993.52206761154 663570.111543325 -5791.89740977435 15625
6130 3013.3313882844 666383.007831188 -5777.51293651726 15625
6140 3016.3177992645 670179.819088098 -5760.58689908991 15625
6150 3158.62079774632 672726.668558432 -5727.22784534762 15625
6160 2998.53388515071 669902.667637542 -5766.20113952048 15625
6170 3181.54988572384 672929.613117969 -5725.37441692045 15625
6180 3033.33122669517 671811.283924343 -5752.98324189108 15625
6190 3075.82499872286 672212.264413283 -5743.98440866025 15625
6200 3056.93917146956 670926.490406421 -5756.82137599934 15625
6210 3083.03828892182 672820.104110307 -5738.95078155567 15625
6220 3030.31835777397 678747.688755721 -5728.30217191502 15625
6230 3166.68712813365 671915.599749739 -5730.75517334515 15625
6240 3086.16148145909 674969.472126602 -5732.89156749591 15625
6250 2985.46256514925 670784.642869089 -5767.88523753726 15625
6260 3221.46585697665 675198.875152873 -5711.91490302972 15625
6270 3312.31701005761 679717.767514106 -5679.20398155088 15625
6280 3059.00272600975 670794.23832425 -5754.07873354271 15625
6290 3169.4459561336 677715.277261523 -5705.75625591511 15625
6300 3079.62871388762 673705.198532773 -5740.28447174101 15625
6310 3118.70480155533 680641.164615487 -5704.45384205596 15625
6320 3181.82109831705 674658.975661505 -5717.2271657723 15625
6330 3243.19258430296 679439.215411663 -5689.44294120115 15625
6340 3138.67832435641 680760.568701806 -5699.42241253419 15625
6350 3191.37281777184 685364.059922109 -5678.13204031525 15625
6360 3273.96377914655 678064.431676443 -5687.25149218141 15625
6370 3199.06924965181 683570.678461624 -5684.83271069849 15625
6380 3282.30258421715 677390.651932669 -5692.69913473458 15625
6390 3202.42511148561 684355.799571107 -5680.67257147013 15625
6400 3170.22633557172 681049.952885319 -5695.53770050176 15625
6410 3228.0661108373 679903.877142299 -5687.62964656278 15625
6420 3259.41097132323 683302.807402844 -5673.08717098712 15625
6430 3104.47792129702 682034.618892486 -5699.9940685369 15625
6440 3159.01618055698 678082.681690921 -5707.51606267004 15625
6450 3294.44216261523 683227.529347747 -5668.6396483015 15625
6460 3252.48697521098 682651.54913101 -5675.4046891891 15625
6470 3106.48174468688 681230.992791991 -5703.67342866843 15625
6480 3235.9892821639 678517.268061306 -5696.20492344372 15625
6490 3194.79552609107 680433.844251965 -5694.24732706145 15625
6500 3313.87456485001 691975.122658917 -5630.8128423625 15625
6510 3073.65685019777 683923.438946114 -5700.39921842744 15625
6520 3285.37192621408 682391.567467332 -5670.33544423634 15625
6530 3267.99249984773 680008.420845464 -5683.33186150915 15625
6540 3229.50277191442 684980.607251589 -5670.98940402175 15625
6550 3220.49037695126 691003.451344819 -5648.69410738412 15625
6560 3275.62041269072 680833.290687336 -5678.16902740828 15625
6570 3290.82748106241 693396.240490255 -5628.7231781431 15625
6580 3396.01301500259 690442.576307075 -5623.32817424878 15625
6590 3323.47554960229 684950.938444643 -5655.41902901511 15625
6600 3381.16359849421 686301.394665439 -5642.2820753829 15625
6610 3278.96698803551 689978.286720312 -5644.16859769102 15625
6620 3397.23083867693 683618.145653607 -5651.30576435817 15625
6630 3271.03230650407 686742.010111052 -5660.18054345316 15625
6640 3351.31938572437 691865.973194309 -5623.40366676964 15625
6650 3261.39902244985 691278.789696362 -5642.85626441105 15625
6660 3409.04687345557 690492.646619084 -5616.91068255712 15625
6670 3275.29155973271 688970.316055102 -5645.34275434234 15625
6680 3353.05157760097 690461.284176065 -5630.03600227109 15625
6690 3356.36540962136 693565.089837689 -5615.85883377468 15625
6700 3357.72500496583 691446.6261905 -5625.34839158115 15625
6710 3376.99543661689 692446.298903943 -5617.68356805287 15625
6720 3431.76684699479 695270.474486362 -5597.37780351374 15625
6730 3303.22062219384 688498.091032946 -5645.39184988764 15625
6740 3277.12889607445 689640.904677113 -5643.24842193397 15625
6750 3516.22667184325 696552.883020875 -5578.65548358933 15625
6760 3433.01734772685 694351.036537391 -5604.21165205634 15625
6770 3410.19216963652 698785.410215719 -5590.83879194304 15625
6780 3528.58501526157 694005.357185193 -5588.78305192002 15625
6790 3304.02504101551 702501.333164359 -5588.74058089461 15625
6800 3475.70277014624 694870.37226113 -5588.2520209804 15625
6810 3425.52832906426 703496.194500072 -5571.38204883411 15625
6820 3455.60863703756 689738.10295748 -5612.31110100171 15625
6830 3459.12834939819 695568.718882767 -5589.99498352766 15625
6840 3421.17074902176 701860.381205447 -5578.66223486676 15625
6850 3393.62458922601 695618.448732058 -5603.32819194444 15625
6860 3447.47946121881 699631.135986382 -5575.27345271699 15625
6870 3317.23063668617 694078.348059162 -5619.25132835818 15625
6880 3391.17737766553 696359.822111071 -5599.65526550074 15625
6890 3410.17228268221 700385.991942827 -5580.20261798178 15625
6900 3526.20486118997 704414.591808878 -5547.94358553859 15625
6910 3544.82856118829 710262.744613305 -5524.78536338833 15625
6920 3422.95381840126 697613.594724343 -5591.47598075486 15625
6930 3555.23537638294 696889.50428889 -5569.84443319968 15625
6940 3432.2239052151 700883.431785902 -5576.13649744402 15625
6950 3470.27255575889 702332.26149743 -5564.053951471 15625
6960 3639.1496140049 702314.179854088 -5539.46208775599 15625
6970 3433.3387715251 704360.032957981 -5563.1972600993 15625
6980 3433.63303358816 703817.005156665 -5565.61822839422 15625
6990 3481.04900309426 701127.115084645 -5566.55823831754 15625
7000 3627.92932955588 695152.326591082 -5569.07200940303 15625
7010 3468.36324912562 708217.318272019 -5544.41935419873 15625
7020 3501.79208641593 699847.013933596 -5571.20458610701 15625
7030 3527.1115151157 702500.130984253 -5557.91916504479 15625
7040 3539.71181090787 701354.551408951 -5560.41803510033 15625
7050 3671.76980051867 714412.794465449 -5487.32480924103 15625
7060 3428.73864684254 704071.804901287 -5567.81157731271 15625
7070 3383.43318540546 711188.960642233 -5548.19231988454 15625
7080 3662.77016045652 710009.169969866 -5504.21654739843 15625
7090 3564.31381072319 700442.456793398 -5556.31869305706 15625
7100 3449.83224974396 704618.505407138 -5561.55087422232 15625
7110 3596.83348757369 720333.999403195 -5475.11939760067 15625
7120 3561.82010250673 713573.241183027 -5506.62483342291 15625
7130 3591.3793674653 710580.491335474 -5511.39401364378 15625
7140 3611.01539439405 708645.342674421 -5516.39236228494 15625
7150 3611.13366194317 711633.343262793 -5506.89297720367 15625
7160 3550.08189086688 723220.610534716 -5473.73505339873 15625
7170 3688.48586018435 705371.487618306 -5519.54353597597 15625
7180 3539.64916691971 706339.521769689 -5538.00155490395 15625
7190 3561.02575386406 712835.462434331 -5507.66726462492 15625
7200 3619.31948908949 709868.877568541 -5509.72234449586 15625
7210 3687.11459739226 711677.637021602 -5492.89421046564 15625
7220 3557.075248778 712815.300558882 -5509.11216077931 15625
7230 3564.73475638589 710202.967498562 -5516.71414976967 15625
7240 3629.6990524908 724939.227777991 -5450.63540443811 15625
7250 3715.75042246877 713599.859059602 -5479.87614061518 15625
7260 3556.22364461409 701516.726178325 -5550.70180205698 15625
7270 3608.50444289813 712760.750442249 -5499.76728673147 15625
7280 3525.84090600318 716290.84022895 -5503.30278345031 15625
7290 3636.21901739781 710316.798518374 -5502.6632167757 15625
7300 3596.15428344485 714206.577856024 -5498.34532582374 15625
7310 3697.18343580845 715152.09017612 -5477.4228513999 15625
7320 3636.78103302375 718704.996288195 -5472.11979275813 15625
7330 3588.25556470908 714664.437143145 -5498.07749297916 15625
7340 3741.97876323291 713178.559092198 -5476.86649323614 15625
7350 3751.28313011213 717781.169105912 -5463.23256750007 15625
7360 3661.83929572314 715392.186473164 -5484.50056230053 15625
7370 3638.62310089558 715510.587758421 -5485.49804114086 15625
7380 3666.04427736461 725027.76977458 -5447.3763774976 15625
7390 3689.7157615042 721271.65371993 -5453.67884558527 15625
7400 3680.50409336815 714602.609534977 -5483.64220476869 15625
7410 3870.03844127878 721197.429056055 -5428.80903907181 15625
7420 3759.47796065195 721793.834401265 -5443.07727200064 15625
7430 3643.05461880448 714146.74148721 -5492.85756388556 15625
7440 3735.55407877713 721382.013043593 -5448.28422696515 15625
7450 3787.09832045654 720332.6317073 -5444.92804767599 15625
7460 3738.84284217083 720570.967921986 -5452.4787336681 15625
7470 3832.37754171054 723543.489395518 -5428.81998199542 15625
7480 3679.38188865303 726294.605691318 -5438.86638915248 15625
7490 3749.37059468893 724268.100731998 -5435.57290232192 15625
7500 3765.30892739471 721957.556071563 -5441.34679548098 15625
7510 3847.75529302224 723862.678656858 -5421.58242439269 15625
7520 3834.96577712093 735549.393879532 -5379.53059586243 15625
7530 3822.00095489542 723943.470862374 -5425.61857800014 15625
7540 3751.152630157 720027.833260156 -5451.81310173186 15625
7550 3790.21657100994 724478.123621704 -5427.5610143647 15625
7560 3681.06689534176 725000.703539308 -5443.1998267663 15625
7570 3660.76854385523 724758.559257759 -5448.908575735 15625
7580 3846.84991372436 725655.624800263 -5415.97927348757 15625
7590 3870.75542754829 725247.113637936 -5415.45761829455 15625
7600 3923.5253899279 730215.250859705 -5384.66621435598 15625
7610 3956.92383148566 736264.125731225 -5355.69737678768 15625
7620 3913.60646704401 727076.174659502 -5400.12613861507 15625
7630 3930.30191332083 732241.785233478 -5377.77412450596 15625
7640 3875.67894698167 726724.137014891 -5406.29523205842 15625
7650 3741.63988002407 728176.045067601 -5420.33504953736 15625
7660 3851.97146481276 731784.463184689 -5387.97745774719 15625
7670 3752.81507622718 725255.022853659 -5432.2653675745 15625
7680 3832.64988584059 731557.003922197 -5395.63682555269 15625
7690 3913.55281771256 727030.404068467 -5398.1600607409 15625
7700 3905.80221430291 734934.238509474 -5369.94374016984 15625
7710 4026.55338708589 731713.195960298 -5362.13846171139 15625
7720 3892.50225391116 730671.539129711 -5388.69332607584 15625
7730 3879.95040384119 733875.588477206 -5378.33353761506 15625
7740 3926.02125253499 736568.893009905 -5362.22121377583 15625
7750 3826.07057723409 735359.501430018 -5382.1052454309 15625
7760 3946.56623877505 726293.140020712 -5396.55119460064 15625
7770 3849.75121742667 735166.447676743 -5376.72596718055 15625
7780 3946.92805570919 732632.348039018 -5371.97184871322 15625
7790 3933.5424327582 733092.232998652 -5373.7501931205 15625
7800 3907.42131239849 735148.288717399 -5367.62875180559 15625
7810 3953.30273481521 737619.168803576 -5351.48620974102 15625
7820 4012.44541974654 741978.66193136 -5326.79689726269 15625
7830 3911.46139035505 740255.061488369 -5345.61898681653 15625
7840 3950.96267070971 735193.259357316 -5358.62849886244 15625
7850 3943.36098123528 737361.915118323 -5353.7460240724 15625
7860 3900.26701653854 740669.519107377 -5348.06236560013 15625
7870 3979.59206915286 738608.535710488 -5342.08397170203 15625
7880 3956.97574091967 745790.352337374 -5318.2691062715 15625
7890 3929.35069361461 736155.325402771 -5357.26288636365 15625
7900 4035.30159683485 734836.549579839 -5347.00841000224 15625
7910 3872.18987837614 732812.98725843 -5377.0892256757 15625
7920 3908.82897894697 742217.384381487 -5341.02791791278 15625
7930 3966.17945942259 748519.655941691 -5308.04241174894 15625
7940 3891.35867671843 742661.098378818 -5334.92778950491 15625
7950 3864.4813760301 737657.843298884 -5358.28561540861 15625
7960 3923.9706179733 742553.876071408 -5334.57808593972 15625
7970 4040.93753555681 744615.911466754 -5300.64173243858 15625
7980 3874.27132740529 732702.166128489 -5377.96497614475 15625
7990 4080.98243405161 747189.613967605 -5287.91861735647 15625
8000 3986.11161772281 742048.89068922 -5318.94660842419 15625
8010 3971.92605609526 742997.088467956 -5322.35197417921 15625
8020 3992.45790114602 741360.763959707 -5325.44113541883 15625
8030 3955.52648139189 749204.916480725 -5302.00521590862 15625
8040 4040.68288951685 742038.601116974 -5314.28527241422 15625
8050 3961.4450188987 746400.383091645 -5313.11616050778 15625
8060 3892.95292975663 744904.176974481 -5326.3264202338 15625
8070 3998.41552218235 753507.825250176 -5276.68797195817 15625
8080 4036.52070253288 738832.441993895 -5330.82346053102 15625
8090 4018.67789774244 740634.876737342 -5322.70744173854 15625
8100 4015.75238525903 749506.508195349 -5291.86541358557 15625
8110 4091.40941789544 742192.573186108 -5305.38864670922 15625
8120 4045.05302527139 753346.455730775 -5269.3025148643 15625
8130 4114.60684270827 755540.311362862 -5251.57481844209 15625
8140 3988.51947744039 755443.947387959 -5269.17678441553 15625
8150 4113.43574953279 750249.027554571 -5273.6483893384 15625
8160 4070.3521805914 751469.579613594 -5276.42667027797 15625
8170 3978.8058199917 752100.876130191 -5287.47037734752 15625
8180 4039.05184650421 749945.939745146 -5283.64990806772 15625
8190 4127.15974474125 745783.70613347 -5285.16940221539 15625
8200 4013.90825802739 758518.428522725 -5253.76513270072 15625
8210 4120.96730920948 748697.371648001 -5273.86634638956 15625
8220 4126.00194416822 751926.063264947 -5266.16944943144 15625
8230 4164.75041367182 757117.573412061 -5233.86660616691 15625
8240 4136.00312719721 748086.24398088 -5275.38305615579 15625
8250 4176.29419744265 753151.063799644 -5248.35311778856 15625
8260 4118.42952404883 751502.514105071 -5263.96959339103 15625
8270 3976.06124769313 761069.810965746 -5248.19023735445 15625
8280 4196.14109644689 769284.676505279 -5181.34094971881 15625
8290 4293.70584104057 750906.961741842 -5233.72847695681 15625
8300 4180.90460054335 751961.427948983 -5251.01595003118 15625
8310 4124.99967834337 758729.998698753 -5234.9671947475 15625
8320 4222.98747119584 755137.856680255 -5235.05220529265 15625
8330 3998.2732620515 760825.227278052 -5245.69011234756 15625
8340 4256.93178100497 760082.324851814 -5208.43494611837 15625
8350 4147.00250890156 769388.354575614 -5188.74253861148 15625
8360 4104.5312133041 753641.026147 -5258.63432132314 15625
8370 4025.13338508862 758116.49845259 -5255.22706066654 15625
8380 4261.11245738168 755084.994392538 -5223.6502422673 15625
8390 4246.87501285732 759372.406667235 -5214.42967954993 15625
8400 4131.4012140088 766380.406251353 -5203.89932829003 15625
8410 4237.44354617742 760321.650351672 -5210.54201325393 15625
8420 4200.27246868369 760433.035911868 -5214.00127644098 15625
8430 4118.46725788984 762251.768306556 -5221.11018138547 15625
8440 4294.49631192446 762371.3043416 -5195.04931524624 15625
8450 4165.46925391153 766368.018684498 -5198.20845208728 15625
8460 4245.03083733316 758779.459266393 -5212.79467766008 15625
8470 4332.73585412644 766774.507977201 -5175.18607330223 15625
8480 4109.71690977175 758872.036218733 -5237.9720338295 15625
8490 4193.33487571696 762075.819109874 -5213.96804042187 15625
8500 4157.755773193 760148.464723906 -5224.90321785224 15625
8510 4304.74321227889 758298.283785631 -5206.1937801055 15625
8520 4302.90790974733 768125.837724556 -5172.15638631664 15625
8530 4363.27747088584 763659.505239964 -5174.9428328861 15625
8540 4274.53795319906 765604.414285767 -5184.3566201425 15625
8550 4302.08442537287 768984.642375633 -5166.46361048383 15625
8560 4300.39408475601 761178.360705155 -5197.65134889781 15625
8570 4294.66840187067 776780.504054397 -5135.11995830367 15625
8580 4362.2819847324 768803.91833325 -5157.01073034758 15625
8590 4189.13997220862 763635.497638968 -5203.85686849375 15625
8600 4328.68685145195 768824.411304761 -5165.43682882881 15625
8610 4197.76720061705 771020.512408289 -5174.31230580864 15625
8620 4271.56814282636 771406.176640866 -5159.00058048095 15625
8630 4422.15548310362 766954.878947438 -5152.17231603606 15625
8640 4336.07922571089 767196.902639467 -5164.84912475674 15625
8650 4349.50392268529 765150.176752481 -5171.28520414644 15625
8660 4232.77428135444 782351.013130486 -5127.65700205203 15625
8670 4288.58433098458 771088.234568166 -5162.39387262545 15625
8680 4433.35309649681 770521.272759682 -5141.4100392948 15625
8690 4339.88157351472 763312.412489341 -5183.51361291724 15625
8700 4379.63467926228 775719.677768055 -5129.63917805503 15625
8710 4410.02577308285 783988.86531058 -5091.09659073593 15625
8720 4431.16175328906 767523.542141965 -5148.96649514783 15625
8730 4401.15446042777 777010.275572174 -5122.04439883097 15625
8740 4367.42277743115 770576.074685172 -5152.19905210324 15625
8750 4378.20051139706 781584.610660005 -5101.7880659094 15625
8760 4320.84120071694 784293.002900348 -5101.72963375891 15625
8770 4275.6624144469 777009.640100907 -5139.23481607868 15625
8780 4297.70395728858 767120.54642441 -5174.76275897329 15625
8790 4404.63725621803 777996.78638404 -5114.14648320895 15625
8800 4335.4463918228 778764.540859571 -5121.98439091137 15625
8810 4416.4378854851 777985.999515267 -5111.72289312136 15625
8820 4399.12555383513 777330.546863515 -5119.02140452997 15625
8830 4449.69963883923 774614.001206865 -5121.57026782677 15625
8840 4399.27913704787 775007.914120621 -5126.57737075686 15625
8850 4536.85676730793 770173.256576053 -5125.15598868499 15625
8860 4484.83721810918 782494.604879539 -5089.44366454031 15625
8870 4359.9380349212 781355.977715096 -5108.9771722048 15625
8880 4357.80725458382 781117.718366438 -5110.69346976174 15625
8890 4420.58402005304 769560.737103427 -5145.67785851052 15625
8900 4366.03071304231 781749.838951426 -5106.55428376408 15625
8910 4503.47161098777 779165.897941147 -5091.60457769613 15625
8920 4485.18132713306 787771.056879474 -5066.99724357909 15625
8930 4425.92875450388 770125.100176652 -5137.9411332599 15625
8940 4297.09201954694 782778.014856107 -5111.31172923208 15625
8950 4374.02957496051 781960.979628647 -5108.20395943311 15625
8960 4407.48871553535 779620.195616845 -5109.44522707551 15625
8970 4395.16505962404 789794.172979437 -5071.8113828922 15625
8980 4660.41191670457 798056.894300233 -4999.05379505923 15625
8990 4513.35726327362 790351.276939466 -5050.99781164923 15625
9000 4340.09906929229 776188.348458486 -5131.92280554567 15625
9010 4510.38964850733 784049.966670087 -5075.40432059583 15625
9020 4454.4458912174 785134.347149607 -5081.54962802131 15625
9030 4363.01880579558 784521.268214111 -5099.15097471115 15625
9040 4572.56528389659 799056.014630944 -5002.52974666492 15625
9050 4541.85773675665 789914.867989886 -5042.63599061092 15625
9060 4623.46665864467 790608.183379132 -5031.90717267528 15625
9070 4551.14445162413 799986.917404724 -5005.66962583151 15625
9080 4403.75462042845 786900.920747369 -5081.16046190049 15625
9090 4430.43765687586 786171.187344256 -5077.61254173589 15625
9100 4515.22453128928 791416.005482323 -5048.15478905653 15625
9110 4590.64084210866 794286.068212977 -5020.1361330288 15625
9120 4478.79654418592 801401.89680995 -5013.4879185153 15625
9130 4584.93945262319 799222.1798195 -5006.19832948044 15625
9140 4650.74569737506 793186.173913907 -5019.25210719034 15625
9150 4599.87815372029 789909.266173162 -5039.34576638473 15625
9160 4657.18425624193 792900.332822971 -5023.99281961661 15625
9170 4477.67550027377 800516.137200932 -5016.67761669456 15625
9180 4475.8114330753 782460.270940579 -5088.36464480303 15625
9190 4611.97223507853 796375.530553705 -5013.55431726441 15625
9200 4618.82305335218 789569.954184432 -5037.44698523771 15625
9210 4577.48538270659 800139.442909523 -4998.70804784374 15625
9220 4658.24369947557 798362.326872877 -4994.78478736872 15625
9230 4652.4221611698 802356.018534399 -4976.78784400269 15625
9240 4509.54532960167 783827.406959693 -5080.45867259162 15625
9250 4578.2619114483 792581.368020633 -5035.69718993243 15625
9260 4500.7922103325 798247.814480792 -5019.48583349309 15625
9270 4583.58073028272 791909.825474819 -5034.76168188512 15625
9280 4672.91385492988 807670.666357958 -4953.24432180849 15625
9290 4638.98157882114 805497.550783371 -4969.29946164129 15625
9300 4730.20548932026 809205.598224702 -4942.91605457299 15625
9310 4545.52631022636 803984.872552559 -4992.8716098129 15625
9320 4663.91320731252 807120.078138244 -4959.36679929171 15625
9330 4567.98234841311 793057.240754577 -5029.18394716944 15625
9340 4691.9344574665 790110.635420405 -5021.91291792397 15625
9350 4715.5015955791 799598.783348086 -4976.79422652775 15625
9360 4619.47345931739 800367.672109488 -4993.96051512199 15625
9370 4732.28593053333 796881.067950521 -4988.13866501385 15625
9380 4628.47547060546 801095.999314506 -4987.56500726027 15625
9390 4730.13943313004 802216.851755787 -4968.54530446928 15625
9400 4642.53828013574 797604.897605484 -5003.25500455302 15625
9410 4886.61569591177 803497.084072804 -4934.7400254375 15625
9420 4817.84214824877 807959.436085128 -4933.56290949124 15625
9430 4790.02390390066 803270.579950467 -4955.54542268898 15625
9440 4768.30961228173 802998.28058379 -4952.43627290957 15625
9450 4653.23542521325 799586.753729766 -4988.18860330746 15625
9460 4709.76507026828 804544.229013867 -4964.49964246687 15625
9470 4784.59711095239 800356.015757707 -4971.21679819041 15625
9480 4637.23699605577 809760.354656023 -4953.04886071877 15625
9490 4773.12446567058 811856.336150023 -4920.29886986948 15625
9500 4793.74694632938 803918.142281862 -4948.00773521029 15625
9510 4742.85976998831 805801.14023953 -4952.86677852279 15625
9520 4688.55742708974 802939.886002055 -4971.96458389714 15625
9530 4819.06493458217 815368.843999397 -4900.88435273725 15625
9540 4964.52726328115 808728.382485371 -4906.37553207417 15625
9550 4583.06624654402 805152.968133328 -4977.32359329678 15625
9560 4729.85357239829 808827.547690136 -4943.27931726926 15625
9570 4736.42317915362 802385.147302087 -4968.85659177148 15625
9580 4873.01659779534 807942.672927869 -4922.08199269493 15625
9590 4803.36204877593 809020.131116037 -4929.27270953638 15625
9600 4745.41050087643 808202.215195747 -4941.79118788794 15625
9610 4864.04518898893 802169.993442844 -4946.45523030604 15625
9620 4770.64250057467 815183.109616129 -4912.45016089502 15625
9630 4784.0008161934 812385.012723844 -4924.94813642494 15625
9640 4837.54795582553 823174.348139173 -4875.65840911181 15625
9650 4820.24649457379 829737.40856924 -4848.00771711667 15625
9660 4824.43329628226 805015.93298572 -4946.14407172047 15625
9670 4990.77769270435 813059.616539722 -4877.15890937527 15625
9680 4739.33876578312 816762.476068603 -4906.95067603535 15625
9690 4913.17211076208 810090.599332886 -4904.96147289057 15625
9700 4809.10499004671 819737.425318348 -4890.13608654822 15625
9710 4891.709709706 812262.526614489 -4907.42827037437 15625
9720 4910.01072827492 825176.788836093 -4847.93068342943 15625
9730 4853.1895644803 813890.276637506 -4900.67164215619 15625
9740 4724.89802558674 831025.062747382 -4853.02652251798 15625
9750 4944.85383773194 819394.161667899 -4866.22379459405 15625
9760 4832.94586779896 814942.879972698 -4904.51067238816 15625
9770 5067.90864524642 831791.029526561 -4799.24531749819 15625
9780 4878.52921725441 826768.113965675 -4850.47170398304 15625
9790 4804.59182515799 817214.15694072 -4899.33975936429 15625
9800 5100.34729291802 843372.196375904 -4746.34532008823 15625
9810 4919.06523975735 820872.386032275 -4863.74778405795 15625
9820 4856.74929595337 838301.488632823 -4808.50438065468 15625
9830 4980.75435697277 837361.435975775 -4791.65947121307 15625
9840 4991.50982516819 835027.953798502 -4792.36049107428 15625
9850 4764.99139836006 831238.8539274 -4847.16641899542 15625
9860 4969.2153114857 841140.050174688 -4776.72872815197 15625
9870 5259.62418520737 835058.466608856 -4752.70037474848 15625
9880 5112.15827048292 832232.611252839 -4784.99907052278 15625
9890 5091.35279146831 841455.852710122 -4751.4786152686 15625
9900 4833.10413243107 844366.416272978 -4787.88649119483 15625
9910 4859.80460907034 835839.187486773 -4815.36635148867 15625
9920 4923.90893597998 841107.327084292 -4788.07437621611 15625
9930 4902.19175354256 845411.636431253 -4766.67510313576 15625
9940 4855.88842016432 850434.625671819 -4762.65723803107 15625
9950 5010.13673861926 838965.78516904 -4783.98865224524 15625
9960 4885.23467412548 847154.639651611 -4771.94592080702 15625
9970 5117.4256585061 852111.752647309 -4712.09161611081 15625
9980 5047.74175339569 855770.542913797 -4711.16814864893 15625
9990 5003.81665434707 841892.866190161 -4773.36136792916 15625
10000 5077.97468632368 837957.069389652 -4768.35975342686 15625
